3253 8205
1947 1162 2
2150 996 2
190 1742 2
1542 1113 1
3195 853 1
502 28 1
218 3238 1
1966 2572 1
1510 1538 2
3082 683 1
3181 625 2
545 2320 2
991 1360 2
1977 371 1
724 3231 2
1433 2230 2
911 842 1
2633 3156 1
1079 426 1
2304 1934 2
373 1203 1
3075 1030 2
1793 3152 1
1564 848 2
2885 2855 2
1203 2303 2
3132 517 2
988 2903 2
2003 666 2
2894 1103 2
497 1094 2
1074 1371 1
821 925 1
960 2023 2
1490 3006 1
2057 84 1
336 2573 2
3070 1975 1
1473 2019 1
1103 1025 1
1132 1726 1
523 221 1
3169 934 2
583 2975 2
2236 1254 2
720 3209 1
1611 1431 2
1180 2147 1
3045 2332 1
2778 2 1
574 2337 1
2580 246 2
2122 600 1
2583 1483 2
296 2100 1
493 2385 2
3127 1583 2
1907 2368 2
3104 2094 2
1901 2065 1
1486 1557 2
2802 3220 2
2380 1016 2
360 1748 1
69 2996 1
2570 3062 2
569 2501 2
58 1531 1
545 1649 1
1809 2597 2
1988 2599 1
1080 1929 1
515 2157 2
1217 1409 1
1855 205 1
831 1868 2
158 836 1
1765 3200 2
2420 162 2
128 2650 2
1617 1501 2
624 3231 1
2921 1841 1
66 200 1
11 264 2
470 2764 2
1896 3252 1
1037 3033 2
2071 1792 2
1467 2846 2
626 3169 1
359 839 2
739 831 1
111 508 1
2688 1387 1
475 2182 2
358 1139 1
1567 2151 1
782 2864 1
880 955 1
2044 2978 1
583 2654 1
2448 2839 2
1593 73 1
266 732 1
2618 1264 2
1496 2621 2
3251 682 2
126 2415 1
2583 2209 1
814 1540 1
2782 1372 1
1164 2821 1
1425 647 1
592 1841 1
2364 337 1
2300 810 1
2675 1919 1
3108 1020 2
2473 2724 2
2010 2734 1
2354 2507 2
2860 2904 2
2989 1557 2
1008 480 2
911 2762 1
1995 3099 1
166 393 1
489 1312 2
1739 2355 1
1689 2763 1
2575 2627 1
2067 1403 1
2 1867 1
1879 2106 1
3221 2250 2
1335 2945 2
1493 2299 2
810 845 2
2026 2570 1
73 1518 2
1155 1257 2
300 514 2
1021 3014 2
1910 638 2
1137 2408 2
1113 1031 2
1715 2119 1
3089 983 2
783 2324 1
774 784 2
1593 1604 1
2660 348 1
1591 777 1
3228 280 2
1614 1663 2
912 2182 1
815 2249 1
476 568 1
1654 2001 1
2445 773 2
469 3009 2
1622 211 1
395 2040 1
2520 1361 2
2028 1653 1
3003 54 2
145 1865 1
1427 1729 1
162 1051 1
54 2915 2
3134 2688 2
2067 1766 1
224 1111 2
882 2545 2
533 1344 1
777 1970 2
808 1283 2
875 2505 2
233 3038 1
1653 2018 1
829 1342 2
2829 3112 2
2397 3226 2
922 2738 1
2050 149 2
138 2104 1
93 412 1
449 1242 1
2477 1125 2
2145 386 1
1092 116 2
545 1704 1
986 2615 1
246 1822 1
2665 129 2
375 2461 1
1314 1397 2
3158 1230 1
190 2415 1
2674 3103 2
232 840 1
1161 2094 2
2162 2137 1
3062 1936 1
2466 3073 1
373 1984 1
638 3221 2
1923 2794 1
530 655 2
2503 2588 1
571 3167 2
517 2113 2
322 891 2
2667 3184 1
1170 3203 2
2565 433 2
705 2578 2
1610 2455 1
2128 2152 1
2169 2190 1
446 368 1
843 1236 2
838 2878 2
2545 225 2
944 1584 2
87 206 2
221 3175 2
2487 2435 1
1200 463 2
1606 1639 2
231 601 2
322 2180 1
2280 1095 2
659 2704 1
2254 3028 1
2648 969 2
765 1410 1
3022 2082 1
1320 1403 1
2349 3036 1
2343 1272 1
3163 745 2
138 1433 1
1263 1542 1
2400 2974 2
622 728 2
1965 2228 2
1846 816 2
1345 2520 2
2052 2907 2
1756 1825 2
536 432 1
2691 2076 2
110 1492 2
2940 2551 2
1221 1703 2
1374 2699 2
1274 2761 1
653 199 1
14 212 1
2001 2043 1
265 1514 2
606 3241 2
2590 1391 2
2757 336 2
680 1958 1
66 1570 2
1585 1835 1
62 633 1
604 687 2
13 1909 1
2948 52 1
1898 3234 2
533 1386 1
350 1450 2
312 929 2
140 2394 2
1633 3165 1
1768 357 1
258 814 1
1519 2770 1
2424 2647 2
1317 1360 1
799 1663 1
140 2744 2
171 2094 2
2889 1929 1
1127 2431 1
2448 2452 2
2873 1921 1
2935 355 1
481 2027 2
1495 2534 2
1880 2116 1
2084 3114 1
167 2510 2
1539 2496 2
1299 794 1
1552 974 1
827 1738 1
2145 1259 1
3220 2042 1
2256 2524 1
1363 1489 1
1451 1336 2
1050 3207 1
1724 2663 1
1995 1665 2
2274 851 2
1214 871 2
1160 1803 1
2106 2701 2
1734 843 1
1247 2445 2
2656 364 2
2308 2835 2
3084 1070 1
2165 3015 1
344 2156 1
409 2285 2
1326 1691 1
285 529 2
1458 1618 1
582 2213 1
1316 451 2
944 579 2
2279 2484 1
2401 1427 1
3134 2769 2
821 1411 2
3178 2058 2
1963 3187 1
841 1097 1
2078 1676 2
1309 2168 1
2516 2841 2
95 489 1
100 604 2
2549 251 2
1738 3190 2
2817 3183 2
1695 110 1
2598 1604 1
2603 2702 2
2658 2143 2
460 1297 1
986 3033 1
475 1834 1
265 2253 1
837 2415 1
883 2531 1
2729 3191 2
1435 3044 2
1810 2921 1
1488 2907 2
817 1948 1
2066 2618 1
3081 2367 1
1716 2505 2
465 1762 1
146 962 1
2047 1329 1
1140 2574 2
545 967 1
801 2879 1
1322 2056 1
1752 3101 2
754 2767 2
1812 1920 2
2225 1335 2
1879 927 2
1488 3028 2
1240 711 2
572 23 1
1972 2323 2
1277 1761 1
649 2192 2
523 3056 2
1784 3026 2
1529 1753 2
1213 2944 1
3131 215 1
1701 2210 1
443 259 1
14 1314 1
2104 2105 2
2632 275 1
1016 2292 2
1358 1992 1
2134 2213 1
1557 889 1
963 1089 1
2039 2740 1
446 799 2
3137 797 1
2218 2742 2
2750 122 1
129 863 2
3030 405 2
3250 674 1
760 1669 2
1498 1598 2
1959 2747 2
1208 2290 2
528 1511 1
1550 1007 2
2326 1228 2
1584 2052 2
1856 2245 2
1346 2934 2
1723 2655 2
2223 3207 1
2333 1123 2
894 2773 1
2234 2807 1
1649 1888 1
2597 415 1
107 2393 1
838 2383 1
2360 2394 1
464 1913 1
845 2773 1
1879 1303 2
311 358 1
3213 3249 2
1226 3138 2
866 2832 2
2745 700 1
92 1223 2
2906 1291 2
2839 69 1
98 2465 2
1916 323 1
138 3032 1
1189 2963 1
115 833 2
1627 1617 1
1212 1375 2
2339 362 2
2408 1953 2
489 2737 2
1879 2592 2
1839 3230 2
2940 3211 2
2217 2587 2
445 1647 1
844 2147 1
983 3245 1
4 184 1
2559 1304 2
1735 2089 1
1351 3146 2
769 1973 1
1717 2715 1
258 1003 1
390 1159 2
2014 2938 1
770 1151 2
1129 1498 2
1301 2736 2
833 416 1
1521 561 1
3042 899 2
1725 2017 2
1035 1570 1
1255 3034 2
2323 660 2
635 1865 2
2535 2007 1
131 1285 2
1936 1153 1
1096 1176 2
2405 2126 2
331 821 2
887 773 2
210 302 2
1087 2790 1
1718 2364 1
1460 1574 1
1642 1322 2
1695 2380 1
2256 2713 1
1098 175 2
988 303 2
1306 1107 2
1409 1757 1
2383 2259 1
2412 2960 2
471 1245 1
655 1820 2
70 2887 1
381 534 1
1553 755 2
147 3107 2
384 2525 2
1368 2924 1
760 2287 2
1952 2157 1
637 3119 1
690 996 1
1784 1792 1
1021 1769 1
2939 3241 2
2034 2906 1
1275 2854 2
2180 2960 2
1278 2334 1
2395 2619 2
41 1489 1
2246 2496 2
3230 2895 1
2577 1549 1
3062 2530 2
2398 1318 1
2613 2963 1
1766 2273 2
2809 2609 2
479 1607 1
3230 1619 2
537 3009 2
853 1525 2
1963 1282 2
478 2550 1
2038 2853 2
1002 1769 1
2285 2730 2
91 1323 2
834 1138 2
2403 2456 2
2769 2779 2
3168 44 1
143 732 1
75 1500 2
2506 864 2
2776 459 1
436 3199 2
286 1454 2
3190 742 1
1680 4 2
2953 2492 2
2645 161 1
2713 2739 1
431 1256 1
2745 2728 2
1224 138 1
2573 1978 1
2535 1686 1
852 2481 1
2939 1510 1
909 2197 1
64 2896 2
1320 1768 1
88 1038 1
72 2262 1
1541 195 2
2623 1920 1
574 931 2
2561 813 1
2177 2099 1
257 3210 2
1650 2582 1
2844 347 2
182 3036 1
199 3205 2
448 1731 1
1303 259 1
372 918 2
196 1924 1
1231 1322 2
4 1165 2
377 215 1
721 1974 2
2538 3165 2
2665 3206 1
3078 406 2
1584 2120 2
120 64 2
898 2317 1
96 875 2
987 3069 2
2666 2532 2
2640 1348 2
1862 3232 2
1100 2680 1
2616 725 2
1807 2313 1
1480 1918 1
1774 2890 1
2825 2296 1
1319 509 1
1570 2077 2
1110 2092 1
767 3150 1
2845 935 1
1434 203 1
522 3090 2
666 2051 2
947 2973 1
2241 2891 1
2227 2993 2
4 131 1
2829 846 2
3016 3153 2
1746 1902 1
2658 964 1
278 599 1
357 892 2
980 2103 1
2435 2878 2
1683 3014 1
2032 2902 1
2788 1424 1
828 1453 2
2483 559 2
1046 2807 2
1230 3153 2
2274 2371 1
2754 3008 2
3175 823 1
414 766 1
51 714 2
2921 677 1
467 2349 1
859 3102 1
735 1346 2
1437 2850 2
2502 2945 1
389 2695 1
246 2121 2
1132 2214 2
2063 94 1
844 1518 1
1150 3022 1
973 1403 1
229 1659 1
2531 2599 1
1261 1806 1
349 492 1
2792 159 2
904 2471 2
2039 1090 2
2483 2787 2
445 1139 2
2105 2841 2
1379 751 2
654 1249 2
2433 2148 2
2209 2669 1
1508 1804 2
3022 971 1
1086 2111 1
1058 63 2
1555 869 1
1811 2744 1
262 2078 1
272 2537 1
772 2823 2
2429 578 1
1338 1248 1
538 1195 2
2615 2956 1
33 2376 1
2237 758 1
1175 2691 1
3119 3132 1
197 3238 2
298 3061 1
461 2530 2
2703 3190 1
1977 309 2
968 1543 2
1073 1596 1
374 575 2
809 2718 1
2712 1926 1
5 3189 2
717 3129 2
2644 745 2
336 1451 2
1678 2349 1
1910 1689 1
2185 1628 2
1409 3127 2
2465 1682 1
2965 1739 2
2342 2514 1
1597 2131 1
1664 1138 1
1607 2590 1
1593 2655 2
2529 125 2
1169 2593 1
694 2071 1
184 1969 2
1705 2344 1
296 2964 2
2397 1928 2
965 2305 1
1894 782 1
1180 1964 2
617 3019 2
777 793 2
2303 1475 1
639 334 2
999 88 1
376 863 1
331 1615 1
92 1104 2
379 2854 2
570 1402 2
1357 735 2
784 1856 1
2972 708 2
2755 2925 1
723 1617 1
2700 2235 2
1714 2958 1
2144 2771 2
2617 2466 2
1506 40 1
1750 2881 2
1025 1393 2
448 3075 2
2110 420 2
2320 1950 1
2177 2167 1
1146 2851 1
1540 3007 2
295 766 1
2683 955 1
23 78 1
3126 2464 2
1443 2027 2
2010 1357 2
1193 869 1
1822 2060 2
714 1100 2
3097 2931 2
941 96 1
1226 228 1
544 1857 1
1996 2361 1
1418 2384 2
876 115 2
320 2637 1
738 2396 1
1569 2553 2
705 2219 1
2420 1376 2
1809 1488 1
315 1246 1
108 1182 1
1202 1978 2
916 1621 2
658 1060 1
2972 3057 1
1917 2189 1
1561 864 2
1043 1167 1
1368 2913 1
1864 84 2
2503 2700 1
2149 2202 2
1931 1979 2
1903 2146 1
974 1454 1
2620 3221 1
3090 3170 2
1231 1753 1
2906 1777 1
302 2458 1
620 552 1
1583 3080 1
2877 2244 1
1765 2562 2
2840 3116 1
1654 2731 1
143 2586 1
962 1457 1
560 659 2
1492 2854 2
1270 2741 1
2805 799 2
1898 2044 2
1619 2629 2
301 664 1
2504 3022 1
2468 1150 2
725 1894 2
2464 1903 2
2941 845 2
1691 2919 1
2167 404 1
472 896 1
1296 1868 2
1569 943 2
2429 1801 2
2811 1903 1
1880 347 1
1007 1176 1
2292 2735 1
2232 2455 1
2089 2672 2
125 1202 2
2360 2906 1
1560 2062 1
2795 2834 2
205 2659 1
1339 2588 2
229 801 2
2250 1462 1
1816 2927 2
737 1436 1
1763 3037 2
3143 2204 1
183 3250 2
2669 1796 2
268 850 2
1080 2714 1
2222 2504 1
2136 2235 1
21 1387 1
1187 2288 1
1430 1026 2
1029 2668 1
1495 2175 1
1975 597 2
1405 3184 2
1275 1354 2
1299 1482 1
289 1848 1
543 681 1
88 1269 2
1473 2012 2
2396 711 2
493 42 2
2958 1912 2
207 1634 1
2769 1747 1
1399 3002 2
93 337 2
1672 2114 1
488 1095 2
871 1570 1
2390 115 1
2364 1819 2
2317 1707 2
1164 1499 2
1152 2199 2
529 988 2
724 2661 2
232 2872 1
1046 1399 2
2319 2692 2
3219 239 2
536 2317 2
407 1183 2
556 2969 2
469 2263 2
2699 883 1
907 688 1
2681 1243 2
377 230 2
705 1227 1
2329 3006 1
1174 2200 1
2303 1785 2
1059 1984 2
2450 2478 2
1930 1954 2
1183 2959 1
512 539 2
1962 2431 1
819 2911 1
219 960 1
387 2988 1
313 595 2
3219 481 1
273 1462 1
316 2061 1
975 2929 1
1730 2539 1
295 3170 2
539 1581 2
668 2220 1
984 1931 2
12 603 2
58 490 2
1318 2221 1
2644 142 2
2038 2547 1
892 1066 1
434 188 1
2031 558 2
3151 323 2
2535 91 2
3164 262 2
411 1143 2
2718 441 1
452 1181 1
1560 1875 1
2481 2191 2
1930 2088 2
149 325 2
1487 1747 2
1948 2859 2
676 3225 2
1402 3100 2
435 1887 2
882 3101 2
2888 973 2
752 1005 1
1476 2756 2
2522 1855 2
383 2599 2
2821 919 1
42 2077 2
1919 2050 2
1946 2153 1
265 1560 2
380 2301 1
3133 962 1
803 3158 1
194 633 2
42 3245 2
937 125 1
2114 2676 1
889 3117 2
2804 2857 2
1223 253 2
567 851 1
1410 79 1
114 2303 1
432 397 1
2092 2099 2
2229 2333 2
995 3220 2
1785 2356 1
503 277 2
506 2009 2
93 2365 2
1751 2974 2
360 1662 1
1191 3051 1
575 2782 1
814 3064 2
573 1955 1
578 2787 2
1500 130 1
2900 2393 1
618 2371 2
637 398 2
2235 3208 1
1920 1884 2
1228 3054 1
2320 2986 2
1723 2767 1
2404 1933 1
420 1568 2
2192 1525 1
1483 3051 2
275 692 1
1474 1016 1
188 1447 2
1721 893 1
1531 732 1
1185 95 1
2898 2855 1
188 2615 2
2015 2242 2
770 3007 1
2024 3001 1
530 285 2
165 1584 2
2049 550 1
2362 2996 1
1944 268 1
2809 2224 2
1317 2587 2
1117 3199 2
628 2779 2
2930 1467 1
2699 3032 2
1181 1908 1
634 1281 1
1907 2537 2
214 695 2
1303 1376 1
1284 3083 1
943 2790 2
2941 1747 1
1036 2200 2
1719 1439 2
60 1396 1
2637 2009 1
1883 3240 2
2079 2132 2
2313 2070 2
1148 2791 1
1361 1623 2
2677 1300 1
2102 1069 2
2625 2830 1
2437 3008 2
3094 1588 2
143 2454 2
1072 2917 1
1280 1634 1
1207 338 2
1931 1860 2
2030 1839 2
1128 3199 1
2735 608 2
511 2742 2
900 2517 2
482 1775 1
1939 2889 2
189 476 2
981 1459 1
2356 3177 1
1948 1625 1
3061 485 1
170 1365 2
1779 2378 2
934 2286 2
1200 2442 2
271 1713 1
1609 3135 1
1552 2564 2
1203 875 1
444 2809 2
57 2363 1
1431 3213 2
2766 2415 1
3175 1122 2
322 2294 1
3025 131 2
139 1126 1
1507 3208 2
1162 1224 2
93 2178 1
1234 3049 2
1691 1753 1
101 1544 2
1715 2864 1
716 2076 1
1056 2639 2
1265 2749 2
317 3010 1
2827 2896 2
743 3118 1
2238 2272 1
3036 266 1
1274 2754 1
61 280 1
462 1378 2
859 31 2
25 1791 1
78 863 1
1069 2995 2
1698 3166 2
1290 1651 2
3132 2835 1
2891 1726 2
1895 3158 1
1107 1422 1
269 2272 1
303 1102 2
1166 2231 1
1244 2824 2
2944 1215 2
2135 817 2
347 2313 2
1085 2013 2
2715 574 1
70 2449 1
1814 2573 1
1308 2701 1
1038 2840 2
1499 3235 1
3094 2327 2
1334 1441 1
2612 2058 2
1613 2290 1
1471 3109 1
1437 2478 1
3027 1226 2
279 1926 1
2158 2763 1
12 2565 2
2875 3047 2
176 458 2
57 766 2
189 2154 2
2214 305 2
345 2401 2
1461 3185 2
1009 2152 2
1658 1780 1
383 1875 1
897 2325 2
757 1793 2
709 2799 2
396 353 2
215 1244 2
392 877 2
1269 921 1
1711 2020 2
1871 1255 1
1256 2379 2
939 228 1
660 2799 1
1343 2792 1
945 1736 2
697 1863 1
1311 1268 1
1261 1676 1
1419 572 1
746 3216 1
2845 2107 2
30 1585 1
375 2522 2
151 828 2
2666 792 2
1119 1219 1
2012 39 1
293 1406 2
227 823 2
1216 2320 1
3143 1885 1
2952 2354 2
2453 2670 1
486 525 1
1124 2502 1
2428 2842 2
1234 647 1
635 2045 1
48 2248 2
3052 2706 1
1596 2726 2
1732 2092 1
357 1017 1
2182 2557 1
1237 1332 2
2830 3007 2
982 288 2
263 1126 2
1529 2672 2
615 760 2
2401 2601 2
3251 785 2
582 354 1
2571 2783 2
599 1718 1
2593 327 1
1918 912 1
335 1645 1
2797 1783 1
1269 2223 1
1663 2379 1
1226 1587 1
1852 63 2
3025 186 2
580 658 2
2125 2144 1
1841 1338 1
2730 2668 2
2513 2899 1
1871 2907 2
209 3118 1
685 832 1
1869 2339 2
442 3060 2
22 488 1
843 1189 1
2075 2444 1
542 29 1
1565 2342 2
252 2936 1
450 1194 1
2368 2666 1
2821 1968 2
3070 2709 1
1093 1300 2
2290 3012 2
2068 684 1
483 1785 2
1333 6 2
1074 2226 2
138 555 1
792 1079 2
2512 580 2
817 2075 1
538 1199 1
1436 363 2
3017 2967 1
2272 864 1
3115 2078 2
21 2370 2
1530 227 2
1724 241 1
698 1831 1
2785 631 2
785 258 1
1015 2935 1
3112 2423 1
347 2018 1
2079 2805 1
71 2837 1
1764 1481 2
599 1973 1
3056 572 1
2627 395 2
743 1200 1
2293 1044 2
1479 2288 1
350 2666 2
240 2794 2
2229 1288 2
496 505 2
2984 1864 2
58 2265 2
1379 2286 1
2298 112 2
2877 462 1
1359 1553 2
2307 1063 2
2169 2856 1
488 3017 1
419 443 1
2938 1869 2
1317 361 1
2270 3167 1
592 2320 1
3133 1556 2
3169 2970 2
2919 3024 2
76 3194 2
463 1388 1
636 1316 2
1876 2166 1
749 964 1
1014 2430 2
3063 3153 2
1098 3067 1
27 942 2
356 1154 1
1944 2485 1
1949 2829 2
2830 363 1
3231 1461 2
1133 28 1
2795 2328 2
1148 2780 1
2189 2518 1
2939 2750 1
234 639 1
1249 1142 1
110 869 2
1956 2990 1
407 2516 2
371 644 2
309 1981 2
1876 3226 1
281 1919 1
362 824 1
1817 1599 1
2682 2801 2
1254 439 2
2080 2238 2
2062 2827 2
1033 2951 2
181 1917 1
1963 2067 1
1492 1435 1
504 1523 1
2095 1849 2
916 2672 1
849 1450 1
2220 3012 1
561 2444 2
2416 2658 2
1495 1790 2
696 1356 1
767 3222 1
2160 2594 1
1673 2735 2
251 2110 2
1813 2257 1
1892 2550 2
97 3104 2
825 130 2
1346 1559 1
2203 2671 1
628 1050 2
2942 3239 2
1569 813 2
1445 1272 1
1228 2735 1
999 697 2
531 1117 1
3005 2541 1
1410 1988 1
2927 3116 1
1649 2270 2
329 902 1
1075 2412 1
80 1595 1
765 2223 2
2538 796 2
2232 1278 1
1818 1675 1
2504 3134 1
1210 2987 1
391 669 1
2674 1367 2
588 2940 2
1309 485 2
1297 2582 2
1362 1516 2
1589 1707 1
1933 2271 1
645 1609 2
1491 354 1
216 3189 2
2280 2500 2
1402 2231 1
1026 1193 2
239 554 2
2006 167 1
932 2992 1
2246 1576 1
52 1630 1
504 973 2
60 30 1
2623 2960 1
486 2124 2
1420 716 2
2977 748 2
1292 1699 1
2435 2387 2
366 1389 1
364 2548 2
243 2487 1
2277 2215 1
1600 1936 1
440 557 1
2441 71 1
3002 404 2
567 2318 2
331 1553 2
104 113 2
2779 66 2
2123 2916 1
2310 2742 2
444 154 1
2030 1641 1
34 2205 1
722 1559 2
1890 2304 1
212 1982 2
76 3141 1
1724 2766 2
2734 2925 2
796 3201 2
1060 2722 2
7 1469 1
1471 2064 1
3140 351 2
187 2568 2
1636 1377 1
2368 2989 1
1564 3194 2
41 6 1
1886 2427 1
1023 2961 2
1090 507 1
1305 2152 1
2096 2422 1
2242 2705 1
2285 1126 1
912 1669 2
1521 2945 1
1502 2437 2
101 178 1
338 1582 1
952 987 2
685 1397 2
1476 169 2
708 1758 2
654 1000 2
2075 205 1
72 1813 1
897 1401 1
1760 2035 1
2231 3118 2
2950 553 2
1943 2422 2
852 3092 2
1533 2258 1
1901 2425 2
2178 3191 1
3014 1248 2
2139 3236 1
189 1701 1
1333 2089 1
1049 2330 1
1350 43 2
1914 2071 1
565 2217 2
1876 1321 2
2567 2370 2
786 2630 2
89 1470 1
1159 1414 1
1697 2258 1
78 2543 2
1205 1530 2
1339 298 1
3226 730 2
1613 3018 1
1303 2038 1
2901 1842 1
1865 2973 2
497 662 2
431 3048 2
3125 2755 1
2602 499 2
2903 1659 2
2005 280 2
1091 2569 2
303 1025 2
1345 1402 2
686 2520 1
199 2890 1
2391 3204 2
1620 1866 2
357 1032 2
1291 2859 1
1685 2224 1
162 3008 1
1003 1409 2
214 2646 2
315 742 2
34 729 1
1409 784 2
1991 1634 1
949 2462 1
2454 2563 2
2808 580 2
598 663 2
438 445 2
1727 19 2
978 1887 1
1788 1167 1
525 3073 2
177 1838 1
203 807 1
29 1445 1
2592 2389 1
646 330 2
300 1908 2
281 1666 1
52 1806 2
1967 2337 2
1857 2465 1
2784 2330 2
12 1212 2
1755 2454 2
1949 2697 1
1142 1436 2
2566 2107 2
3156 926 2
1287 1531 2
136 1921 2
1254 1354 2
1285 438 1
1233 248 2
2064 2391 2
1289 1311 1
1705 2458 1
1232 2534 2
347 1094 1
849 2473 2
1202 1608 2
781 797 2
1445 2763 1
490 1264 2
1975 1945 1
1384 1440 1
28 2630 2
823 915 2
1746 2058 2
1261 2309 1
71 3202 1
2774 2271 1
1884 2931 1
2741 2094 1
365 3154 1
1558 3175 2
670 2218 2
1902 1258 2
3108 575 2
2631 2636 2
1034 1219 2
1567 1948 1
421 2453 1
1086 2843 1
2698 1579 1
1134 1571 1
2414 1591 1
3215 3037 1
808 354 2
1504 2538 1
2902 1759 2
2241 1784 1
3104 173 1
280 2571 1
1190 3021 2
285 700 1
963 1810 1
598 931 1
1179 388 2
183 2638 1
1024 1268 2
2101 434 1
1288 2509 1
113 364 2
1281 1338 1
1971 2310 2
2814 1538 2
1139 2157 1
654 3162 1
2288 1428 1
2585 2883 1
1835 1631 2
372 1463 2
301 2751 1
607 2040 1
1218 1928 1
2986 194 2
1826 3245 2
1807 2737 1
599 607 2
948 1286 2
841 1160 2
2244 2940 2
664 709 1
2462 1850 2
1734 2316 2
2797 3008 2
97 1012 2
1637 2383 1
182 2776 1
273 3160 2
688 1187 1
1228 2858 2
3184 680 1
2268 2142 1
2581 387 1
2897 3067 1
1231 3048 1
2487 2674 2
140 2257 1
575 1431 2
3233 2235 2
1675 1978 2
2857 2887 1
1458 1226 1
2726 1155 1
1198 1006 1
1421 2512 2
2278 1638 1
12 3132 1
1870 2338 1
1648 1242 2
605 1660 1
2419 2553 1
2099 3100 1
999 2230 2
1333 1352 2
2200 3152 2
2387 763 2
2337 3157 2
2492 816 2
286 1570 2
1781 2939 1
359 99 1
109 2139 2
769 1660 2
2553 2903 2
1084 503 1
320 107 2
1906 840 2
183 1270 1
2504 8 2
277 2137 2
239 1616 1
1860 1892 1
2969 1505 1
1750 2929 1
2342 2575 1
272 2961 1
1471 2053 1
469 1785 2
367 983 1
628 1778 1
327 389 1
1297 624 1
1899 958 1
211 2392 2
405 3197 1
1313 568 2
934 1969 2
2914 2858 1
1150 2533 2
272 2264 2
1834 950 2
557 1201 1
2663 14 1
928 2605 1
1852 738 2
1294 676 2
196 2390 2
744 1966 2
611 2605 2
580 2272 2
2142 3173 1
851 1274 1
2000 1777 1
1647 198 1
2806 1352 1
2754 667 2
393 2567 2
2886 2809 2
274 889 2
2550 2823 2
525 2457 1
182 1300 2
1099 1497 2
3023 10 1
2684 315 2
3219 1642 1
366 2814 1
2809 1478 2
140 1010 2
16 486 2
2884 2066 1
1428 2086 1
1005 1754 2
1361 2850 1
1786 104 1
1397 292 2
127 1485 1
1410 2971 2
570 3223 2
2141 157 2
681 3212 1
2860 783 2
1702 2217 1
2192 2310 2
1060 764 1
1172 1234 1
282 433 2
230 2000 1
3103 1709 2
1253 2327 1
2507 372 1
220 2184 1
1915 2446 2
490 1816 1
409 659 1
1799 2500 2
3177 2826 2
1155 2169 2
626 364 2
454 3061 2
1993 2258 2
2382 1279 1
1266 172 1
2775 3196 2
2418 155 1
1773 3157 2
2757 2361 1
16 1788 2
2466 1623 1
1175 1747 1
256 1706 1
1020 1873 2
1541 1050 2
388 842 1
567 3059 2
3015 1084 1
1952 126 2
451 2884 2
1337 762 2
759 785 2
1212 3211 2
610 662 2
1021 1953 2
43 2537 1
2935 273 2
906 2875 1
610 1830 2
195 1322 2
2213 517 1
1177 3109 2
2593 1970 1
2633 874 2
53 1912 2
99 2028 1
1124 2990 2
1895 2867 2
186 226 2
3226 1095 1
1835 3230 2
2414 170 2
996 445 1
2701 1395 2
2396 759 1
1092 2893 1
2929 3245 1
2502 1680 1
1068 964 1
1180 1959 2
2501 1226 2
61 2796 2
2072 3035 1
152 2914 2
484 1438 1
2320 2871 2
1795 2003 2
1941 2286 2
2860 2327 2
3080 2330 1
666 691 1
60 1147 1
614 2487 2
598 1725 2
2133 3166 1
507 1277 2
116 1163 2
1026 1613 2
620 2157 1
2335 1809 1
1724 1655 2
2431 2042 1
256 2900 1
2995 1855 1
1799 2997 2
173 3094 1
2160 2222 2
1174 2945 2
269 358 1
964 1674 2
2753 1275 1
1154 1246 2
1474 2419 1
2334 3048 2
1108 1544 1
2937 574 2
36 766 2
245 122 1
1819 323 1
893 1326 1
2144 1840 2
555 2499 1
2097 2933 1
972 343 2
1352 1796 1
911 2548 2
1136 2666 1
38 933 2
736 746 1
2375 3062 2
2323 657 2
3147 1592 1
1701 839 1
667 1814 1
1806 2087 2
30 2920 2
2100 2305 2
1059 3092 1
1285 1863 1
1414 2502 1
144 726 2
3237 2919 2
2776 2295 2
1738 2074 1
754 1409 1
2538 2652 1
31 785 1
2850 1197 2
489 3097 1
1392 2605 2
1912 914 1
2742 2832 1
1164 1694 1
283 1945 2
207 1132 1
606 649 2
1423 2857 2
776 1060 2
273 2920 1
2422 2598 2
60 826 1
1311 1340 1
1768 3242 2
2305 737 2
2640 956 1
3056 376 1
3040 1829 1
251 1067 1
1526 2167 2
2752 2594 2
1216 2621 2
2899 1597 1
292 2007 1
2098 2780 1
1969 2858 1
736 2398 2
2837 1133 1
1402 1993 2
349 1723 2
1212 2098 1
1310 3158 2
2587 692 1
2214 3076 2
555 2996 2
2874 3122 2
324 2080 1
2239 2611 2
2440 2601 2
1048 2111 2
792 2185 1
412 1146 2
2994 3123 1
561 2703 1
3238 1305 1
3164 2551 2
208 858 1
2915 1029 1
1194 2057 1
2845 2892 2
395 805 2
1580 1985 2
1346 1818 2
196 861 2
2338 580 2
2410 1917 1
2847 457 1
756 1952 1
2012 2810 2
2074 1473 2
582 1836 2
2309 293 2
764 1318 1
29 1852 2
1825 1937 1
1191 2294 2
2550 2341 1
788 857 1
2978 1327 1
3110 1217 1
663 3077 1
255 1562 1
1585 1137 1
2249 2349 2
1605 2284 1
1311 1837 2
53 2330 1
3038 294 1
1267 3191 1
1410 1550 2
685 2543 1
406 3128 2
1318 1961 1
967 3195 1
2603 110 2
653 790 2
1699 2821 1
1811 3062 1
840 2602 1
353 2972 2
363 3202 1
2300 3226 2
3242 1679 2
3013 129 2
289 2206 1
3207 1163 2
3182 581 1
1425 1427 1
1132 2077 1
2249 376 1
944 2551 1
2726 2930 1
1229 2949 1
2294 1058 1
1010 2087 1
607 2902 1
954 1926 1
172 2156 2
277 1455 1
1220 621 1
249 2110 1
1682 2372 2
809 3 1
1805 493 1
1786 2200 2
865 1332 2
521 1522 2
1138 407 1
2048 2843 2
613 1525 2
941 1327 1
1486 861 1
266 1417 1
3160 17 2
38 1001 2
3128 479 2
330 355 2
1680 3063 1
3091 1351 1
2826 3002 1
1382 107 1
1352 3153 1
1827 2214 1
1703 458 1
3227 2528 2
1632 1975 1
1193 356 1
819 2101 2
1096 2409 2
963 3048 2
1709 2609 2
281 247 2
2047 2604 1
2759 2544 2
2100 1447 2
1317 1038 2
1372 2694 2
957 2452 2
2323 967 2
15 212 1
193 484 1
2686 2712 2
1545 1804 2
817 2068 1
2429 2790 1
2976 3188 2
2253 349 2
420 382 2
1354 1226 2
2472 2608 1
2608 1974 2
156 1541 1
999 769 2
937 120 1
1571 3146 2
174 97 2
762 2482 1
2935 1322 2
1892 2972 1
1135 1303 1
393 141 2
1399 3039 1
205 2830 1
1411 1881 2
41 1904 1
1937 1402 2
982 1475 2
956 254 1
2801 2904 2
655 262 1
1976 2269 2
1133 2812 2
3015 160 2
2459 2911 2
353 1617 1
930 3126 1
1521 1581 1
1234 90 1
2512 707 2
2746 2860 2
34 2022 1
347 38 2
486 1365 2
1097 1253 2
2055 2683 2
1894 2765 2
689 2367 1
1479 308 2
224 2267 2
1905 2631 2
2034 301 2
2176 3094 1
1651 2980 2
321 1153 1
746 1854 2
1696 13 2
1004 2149 1
2848 225 2
1153 1720 1
2543 1346 2
2684 1056 1
218 1442 2
259 1214 2
873 2834 1
916 1484 1
824 1666 2
1889 1761 1
2646 1932 2
1297 1849 1
376 981 2
750 2619 2
2622 299 2
2762 50 1
1382 617 2
826 2614 1
1889 2111 1
3007 1049 1
3172 1345 2
1713 1656 1
102 2519 1
816 1108 2
592 1629 2
2495 608 1
1187 1546 2
139 637 2
452 3083 1
1300 2655 1
961 974 2
1921 1541 1
449 304 1
1059 3202 2
1771 3179 2
2715 998 1
566 1054 2
2462 552 1
2985 593 2
164 2737 2
2380 1422 1
1726 2884 1
881 2792 1
2715 1937 2
999 2555 1
1398 2789 1
1167 2102 2
1062 625 1
2479 88 2
1468 229 2
2777 2936 1
199 371 1
358 2350 1
196 1534 1
330 2517 2
1940 2146 1
1599 1624 2
2304 622 1
3019 2819 1
1745 2092 2
19 3005 2
3066 1884 2
621 1124 1
2097 2251 1
662 3111 1
378 1137 1
677 1699 1
505 3164 2
3005 1608 1
2292 1672 2
783 2354 1
2756 2072 1
2496 2899 2
2563 2660 2
655 893 2
574 1722 1
546 1889 1
1356 2926 1
115 619 2
2661 2185 1
1174 2626 1
1738 2439 1
2397 1846 2
599 1900 1
537 1022 1
1344 593 1
621 198 2
1443 2521 2
1429 2623 2
381 1943 2
2444 2372 2
2447 391 2
2230 1854 2
1841 2796 2
2598 35 1
3073 3068 2
2082 1690 1
1006 948 2
612 1317 2
1940 2280 2
1838 2498 1
467 670 2
711 1296 2
2159 2095 2
1071 2999 1
854 2247 2
1934 930 1
3042 1624 2
2080 2970 2
1200 1874 2
2033 2629 2
652 2005 1
1894 2928 1
3243 2782 1
992 1844 1
2000 1634 1
2172 2909 1
1962 1113 1
2566 2045 2
1093 2650 2
1447 438 2
1930 1346 1
1357 1713 2
2391 2458 1
181 326 1
93 213 2
3252 2494 2
1195 2819 2
1220 2583 1
1764 495 2
2069 2299 1
1372 3125 2
310 332 2
494 2893 1
463 1328 2
2553 2089 1
158 463 2
94 3151 1
1221 2175 1
2347 2923 2
473 2955 1
240 1929 2
1081 330 1
728 966 2
420 813 2
1612 2181 1
447 687 1
1935 885 1
847 1560 2
707 1028 1
2572 3162 2
187 467 2
282 2047 2
1989 74 2
426 1917 2
2763 1417 1
162 1578 1
3097 2165 1
585 2206 1
1918 2759 2
772 1278 1
844 1383 2
1394 3247 1
1974 1607 1
1017 1045 2
843 929 2
2845 2331 1
221 3097 1
67 415 2
1464 3198 1
264 2915 2
123 953 1
2789 1123 2
1330 1397 1
1963 1081 2
1765 1325 1
1751 1427 2
1904 1669 2
3048 71 1
1465 2790 2
1356 1571 1
2082 214 2
318 2104 2
3172 1305 2
2013 3009 2
1015 2675 1
679 245 2
3098 538 1
2344 1833 1
2060 88 1
2046 2139 2
556 1114 2
86 2885 2
1629 3019 1
2578 953 1
3120 3222 2
2306 2480 2
1188 1061 1
3158 481 1
1506 2804 1
1569 2860 2
2800 1675 1
1218 1290 2
3227 436 2
761 2808 2
80 609 2
1391 171 1
1375 1395 1
2223 2953 1
2983 197 1
235 1651 2
1006 774 1
2824 1372 1
1793 861 2
353 1377 1
955 1482 2
349 1901 2
445 1380 2
1704 2738 2
2790 2138 1
1181 1650 2
2700 3147 2
2330 2153 1
573 784 1
948 2876 1
399 1614 1
2847 2608 1
1508 3213 2
952 2995 1
3082 1199 2
276 268 1
1483 3156 1
1022 1778 2
423 3176 1
347 148 1
1422 2880 1
2151 2797 2
2034 1229 1
2693 865 2
449 1327 1
2233 2570 2
2378 1527 1
605 1840 2
951 2248 1
538 2604 1
1042 1612 1
1757 1823 2
429 1385 2
1158 3221 2
994 2066 1
1356 2418 2
680 1906 1
1275 1298 1
41 2148 1
504 3141 1
798 1373 1
1414 144 1
1938 3039 2
2304 2342 2
1225 659 1
1555 2749 1
1256 1958 2
1620 1188 2
1411 2475 2
368 2664 2
1352 2834 2
2367 1351 2
963 1561 2
2262 1823 1
579 632 2
830 2200 2
1482 2126 2
1990 2303 2
1826 2875 2
1086 2836 1
1774 3173 2
2159 2755 1
786 2315 2
2333 427 2
588 2559 1
1042 1975 1
204 1401 2
1694 2426 2
520 1112 2
3248 2389 1
1694 1379 2
2905 774 2
2206 1002 1
370 1289 1
715 1967 2
1586 3014 2
799 3129 2
2669 1406 1
1771 2013 1
3151 1180 2
2218 3227 1
883 1056 1
1237 2308 1
2987 2506 1
2460 2989 1
927 1099 2
1885 314 1
439 1510 1
1998 2140 2
210 1458 1
1824 2778 1
265 1128 2
289 290 2
414 2685 1
1054 93 2
496 3212 2
584 881 1
76 411 2
155 704 1
2297 1655 2
196 476 1
999 2557 2
1186 2383 1
616 2755 2
3169 537 1
106 2919 1
2097 2011 1
779 1470 2
648 758 2
2411 3110 1
2487 210 1
1559 2601 1
1342 1849 1
103 140 2
428 1657 2
3115 2933 2
1131 2568 1
1951 2307 2
275 597 2
2023 1917 1
405 1875 2
1826 97 1
668 2514 1
184 1418 2
543 2519 1
383 315 2
2542 1435 2
1363 2029 1
685 3097 1
1113 3049 1
703 2922 1
1781 2690 1
1870 2210 2
2496 686 1
2360 1845 2
1861 175 2
976 1475 1
1538 2905 1
2562 2208 1
1827 298 1
2470 2619 1
2988 101 1
1940 2161 1
398 2932 2
1461 1638 1
282 2720 2
939 775 2
2769 2659 1
530 1250 2
2678 1723 2
3118 1729 1
2202 747 1
37 2256 2
1639 2290 1
2654 53 1
1472 1130 2
99 919 2
2820 3240 1
3216 1025 2
1961 769 2
180 1783 2
2000 2683 1
1415 1764 1
734 1551 1
2017 3037 2
1583 2516 1
2213 468 2
113 2372 2
379 801 1
2402 111 2
1168 3176 2
3186 156 2
689 2424 1
2026 992 2
240 3086 1
2820 1267 2
325 686 2
141 111 2
3143 2674 2
3022 1630 1
2308 2812 1
1351 2021 2
698 2365 1
1259 2432 2
37 2390 1
2194 697 2
2275 1588 2
1084 2845 2
2735 2512 1
2476 2517 1
3085 1807 2
1104 1713 2
2444 3208 1
1575 1069 1
1318 3133 2
1954 2822 1
2162 3000 1
2914 2864 2
2578 2915 1
1442 2122 1
2951 3160 1
346 3202 1
1259 2674 2
741 762 2
1995 1776 2
1455 105 1
833 1519 2
563 3092 1
90 1182 1
2617 1715 2
96 2165 2
120 536 1
1486 1791 2
2341 90 2
389 697 2
1361 1796 2
2246 203 2
2077 2646 2
1575 35 2
630 2974 2
1649 2199 2
1529 2548 2
524 3221 2
1145 1619 1
2903 1641 2
2028 3134 2
443 1054 1
29 1185 2
1320 2495 1
365 2302 1
2482 722 2
1580 2836 2
3139 1251 1
2 678 1
743 2110 1
163 1535 1
1586 1338 2
507 1833 1
718 2282 2
1511 3150 2
1120 1279 1
2120 2965 1
2851 1198 2
2448 2013 1
2840 1305 2
3029 3227 1
3244 900 1
1700 2793 1
805 3109 2
3133 1069 1
1636 1051 2
27 2549 2
481 770 2
1408 635 1
436 1027 2
1065 1464 2
1082 2865 2
2541 2325 2
29 380 2
2255 2722 2
2599 2303 1
54 1605 1
2624 1313 2
2600 690 2
22 377 1
1776 923 2
219 2840 1
1296 2272 1
219 396 2
2257 2687 2
567 1079 2
3237 2415 1
422 432 2
2983 2535 2
1945 2802 2
1566 1759 2
1435 2471 1
714 725 1
189 2072 1
1199 2460 1
2379 2276 2
888 3241 1
2003 942 2
974 1066 1
1110 1893 1
2648 2666 2
2746 757 1
464 964 1
740 2296 2
1351 1955 1
2309 1399 1
425 743 1
1261 1244 1
643 2134 2
899 2060 2
314 1141 1
2376 113 2
240 2094 2
1058 2992 2
1478 1888 2
1426 1432 2
2489 2161 2
3005 3209 2
1628 2061 1
3006 2387 1
1476 2192 2
1858 2294 1
2439 1751 1
846 1796 1
2752 1982 1
288 2966 1
132 1635 2
980 978 1
1454 2066 2
602 1557 2
2625 830 1
2537 2932 2
515 2312 1
644 2197 1
1766 840 2
1573 1199 1
3107 1513 2
101 228 1
1978 2187 2
522 2207 2
494 2374 2
148 1471 2
1748 2893 1
1739 3073 1
966 2369 2
2616 3117 1
377 513 2
833 2742 1
115 247 1
1073 2202 2
350 3039 2
61 950 1
2167 2244 2
1082 2665 1
1346 496 1
124 2403 2
239 2390 2
162 480 2
2402 771 2
2866 1400 1
1 1286 1
254 1466 1
2274 1259 1
2542 2242 2
2872 2117 1
2855 2473 1
1241 1153 2
1435 2150 2
665 1222 1
1677 2208 2
3015 3105 1
1518 3087 1
1122 2858 1
2182 623 2
1015 2732 2
1832 2725 2
2940 1470 1
2384 3238 2
2943 2936 1
162 1769 1
275 1646 1
848 1050 2
1025 1878 2
1177 2915 1
2 733 2
874 1682 2
134 3104 1
2371 1434 2
665 2511 1
7 30 2
280 1882 2
486 1987 2
1080 245 1
2525 36 1
2924 1768 1
226 2814 2
1450 2673 2
1610 1642 1
2038 857 2
573 3043 1
2166 1042 1
1166 1867 2
68 1595 1
328 731 2
576 2001 2
1813 2617 2
538 1480 2
309 1657 1
2362 1627 1
914 3228 2
1468 2582 2
277 2119 1
2791 1252 1
2369 2017 2
841 2686 1
1011 2343 1
1503 2805 2
916 1288 2
1527 3162 1
858 1606 2
762 326 1
2646 1507 2
3039 1438 2
1370 2168 1
1116 2517 1
2088 1630 1
383 2666 1
923 2122 2
3187 2770 1
999 2346 1
2363 2737 2
1422 2708 1
960 2125 2
404 1907 2
2942 1397 1
1579 1645 1
825 1671 2
539 1314 2
909 2079 2
26 500 1
1093 2654 2
151 2666 1
741 1448 2
601 1145 1
3037 2839 1
2627 689 1
956 2541 2
2871 3035 2
1539 381 1
1943 3211 1
2187 1585 2
353 2736 2
2508 1411 2
2643 3033 2
1208 2469 1
635 2836 2
2149 2232 2
1555 1759 1
134 2325 2
1203 2768 2
854 399 1
389 565 1
1027 2542 2
3238 1903 2
1593 2953 2
440 796 2
2758 2232 1
619 3013 2
2059 2231 1
330 2321 1
2665 1223 1
2188 1298 1
93 1856 2
1614 1965 2
863 1508 1
1561 2075 2
649 2976 1
2816 2974 1
466 825 2
271 586 2
1908 318 2
62 183 2
593 2034 2
2619 2810 2
1991 1255 1
222 586 1
1070 158 1
860 1102 1
2826 1827 2
1939 2004 2
993 1631 2
526 3148 1
54 1123 1
539 2858 2
1903 3249 2
1273 3082 2
903 2088 1
1715 1737 2
99 1539 1
427 1341 2
394 1164 1
2488 3121 2
2616 1320 1
1315 3200 2
1075 2464 1
2016 3018 2
507 1714 2
720 2761 1
386 1424 2
2013 2195 2
2431 2479 1
2188 2721 2
1236 2274 2
1945 1273 1
1616 2266 1
518 1994 1
1769 2508 2
1736 2331 2
2190 2501 1
2607 3055 1
2304 573 2
2847 34 1
1964 1673 2
1960 2197 1
637 1312 1
680 2702 1
3059 856 1
3206 1778 2
2597 273 2
1261 3098 1
235 2702 1
1150 1281 1
780 2236 1
2208 2383 1
31 2377 2
1310 2172 2
1380 430 1
2417 2907 2
2833 607 2
2625 1395 1
3232 2073 2
422 434 2
2705 3081 2
2861 3069 1
104 273 2
2943 3138 2
997 1079 1
2528 910 1
764 2534 1
55 2074 2
1287 360 2
203 1972 1
2959 3082 1
1670 2047 2
1641 363 1
445 1505 1
486 311 1
1343 1423 1
2366 2982 2
1220 2521 2
1541 132 2
1348 720 2
1449 2758 2
2103 1067 1
100 1443 1
2068 1046 2
2481 461 2
2558 2630 1
2993 2033 2
216 342 2
1494 959 1
1220 2642 1
537 2383 2
1137 2644 1
683 222 2
1556 790 2
1690 1773 2
917 1557 2
335 155 1
1066 3114 1
2444 700 1
1098 3066 1
1125 1479 1
3126 2454 2
2694 582 1
708 1568 1
1840 2885 2
3065 983 1
539 564 2
121 576 2
1530 481 1
239 2029 2
2679 3162 1
292 1626 1
1873 2015 2
2929 341 1
1177 1494 2
3080 2688 2
991 2832 1
941 1254 2
2510 2343 2
1414 1437 2
1844 267 2
1493 1501 1
61 1878 1
181 977 1
2985 586 2
1486 1727 2
1085 1383 1
162 1408 2
1284 51 2
788 2099 1
710 2674 1
2312 722 1
1804 1255 2
1833 1956 2
713 2679 2
2369 2690 2
1352 865 1
660 2035 2
701 1807 2
1592 2769 2
1026 1863 1
786 1622 2
34 2512 2
427 2214 1
2039 2182 2
1695 157 2
809 2279 2
239 2163 1
378 1009 2
801 1866 2
551 937 2
1364 1454 2
1765 2552 2
61 2241 2
1924 2316 1
2516 1962 2
993 2975 2
875 1936 1
360 2510 2
1838 2020 1
1509 3013 1
2197 381 2
1971 2778 1
1630 2485 1
694 2800 1
614 67 1
997 1000 1
1371 2904 1
1968 2894 1
2086 405 2
1538 802 1
2897 3064 2
182 1726 1
292 2123 2
1548 2981 2
417 1071 1
1076 1939 2
1071 1595 2
962 2857 1
1982 2913 1
347 3227 2
140 1436 1
124 2660 1
535 1477 1
1536 2045 2
2551 2548 1
732 2516 2
2456 739 1
453 2835 2
284 3063 2
2008 2040 2
1226 18 1
443 1595 1
1172 721 1
2118 1390 1
2479 2793 1
2699 2833 2
1100 552 1
1125 2568 2
2694 1671 2
1407 1234 1
1274 1119 2
1511 2523 1
2235 339 1
1244 2933 2
1731 2297 1
1968 1981 1
2735 2382 1
1719 2408 2
1538 2104 2
103 749 1
860 2943 2
1622 2475 1
1328 2294 2
1479 2692 2
1293 3239 2
1294 2646 2
2818 2272 2
939 2189 2
629 1209 1
2324 1471 2
2339 288 1
3091 2138 2
1718 1927 1
746 1794 1
1977 838 2
497 2487 2
82 1979 2
414 2489 1
1751 1057 1
1033 2992 1
1382 2880 1
1764 2716 1
3109 879 1
1720 2875 1
2089 2220 1
2209 299 1
266 231 1
1115 2657 1
870 2597 1
538 1858 1
1109 2842 2
756 1263 2
1637 2998 2
1802 2540 1
630 629 2
1046 1739 2
400 581 2
947 750 2
2615 2801 2
1902 2599 1
3040 2684 1
404 2393 1
693 2267 1
2300 2645 2
3143 1873 2
2528 2509 2
1358 442 2
1808 3122 1
1484 29 2
2229 2886 2
1365 337 2
2603 2804 2
2047 2357 1
2608 2653 2
894 163 1
1596 1667 1
1420 1441 1
126 2277 2
3137 1462 2
222 1756 1
1154 504 2
2009 789 1
670 1357 2
1850 207 1
642 63 1
1463 2198 2
2359 3238 1
554 364 2
2221 3008 2
430 594 1
1870 2027 1
1703 1621 1
2446 3126 2
2441 567 2
1410 2271 1
1747 3125 2
1623 1103 2
1502 3028 2
3159 29 1
3016 2461 1
1020 810 2
1569 1806 1
1084 2286 1
780 1057 2
231 1818 1
1891 1268 2
3068 1833 1
1485 2566 2
2078 865 2
137 1136 1
3055 93 1
3030 2251 1
2159 975 1
631 1644 2
778 2566 1
1955 3131 2
2917 1556 2
224 2946 2
1243 2171 1
3106 260 1
452 2810 1
2250 1736 2
2581 2775 2
678 2106 2
2663 3073 1
1066 1922 2
646 87 2
907 357 2
3019 3122 2
817 1137 2
2642 2906 1
699 1347 2
174 2199 2
1523 2053 2
1476 1712 1
333 2192 2
445 447 2
221 1722 2
1229 2744 2
720 1140 2
1255 1484 2
2215 2280 1
2626 1097 1
3161 2424 2
2653 1725 2
185 1247 2
56 2557 1
3093 977 2
319 3233 1
114 549 2
3006 2257 2
3236 504 1
708 1207 1
3070 3181 1
372 2012 2
1142 1664 2
2981 628 2
1974 2460 2
2614 1100 2
3123 3192 2
3104 2950 1
2385 2445 2
1272 1895 2
424 108 2
1287 2698 1
98 2567 1
2706 3025 1
1758 2054 1
741 2673 1
3205 228 1
1341 3163 1
2088 1700 1
171 1325 1
2742 2453 2
3111 2027 2
568 1964 2
2744 2499 2
1835 2651 1
1515 3235 1
2633 2402 1
2182 251 2
432 2039 1
578 2093 2
1247 1434 2
82 1926 1
1441 2468 1
222 1677 2
1528 2881 2
2925 709 1
948 2077 2
2928 2966 2
1066 2298 2
1140 32 1
131 1266 1
754 2211 2
1234 1616 2
1669 3005 2
1250 1072 1
2029 2759 1
933 870 1
1136 1495 2
473 1151 2
1087 2771 1
2777 703 2
359 1803 1
2315 2335 1
2604 1943 2
205 1107 1
1232 3125 2
368 576 2
2721 1710 1
2640 2805 1
1399 2484 1
3071 1042 1
180 232 2
1246 3181 1
580 2566 2
2101 1709 2
2641 2885 1
786 456 1
3012 2569 1
2033 2248 1
1274 1442 2
1047 3200 2
699 1965 2
3159 3225 2
2937 3149 1
1818 1542 1
734 1168 1
176 3092 1
1164 2738 1
434 1401 2
267 2227 2
2600 2480 1
2952 2639 2
2903 1471 2
2879 848 1
2693 429 1
686 2561 1
1109 3152 1
498 1049 1
298 1927 1
551 2107 2
1974 1910 1
2599 3167 1
1057 1686 2
1375 275 2
1558 2611 1
15 2248 1
579 2290 1
726 2983 1
733 1710 1
2410 2598 2
1080 1525 2
1964 3006 2
1797 1846 2
2255 1263 1
3142 9 2
1232 2562 1
1313 1238 1
1154 2908 1
1493 2337 1
1770 2911 2
374 730 1
1521 1389 1
1736 2509 1
148 912 1
1987 2091 1
1156 2688 2
476 714 1
770 2918 1
1226 2932 1
1826 2668 2
1809 3024 2
334 1304 2
688 1536 1
2431 2778 2
249 442 1
1114 1415 2
2022 3253 1
248 2469 1
162 3183 1
3195 141 1
492 843 2
1077 1533 2
2751 3133 1
204 2133 2
2784 48 1
399 1554 2
2354 1632 2
2531 3251 1
1605 2039 2
698 840 2
1312 474 2
1496 3035 2
1821 2337 1
995 1063 1
2342 1514 1
974 186 1
1256 1067 1
1278 2812 2
1708 410 1
3165 1029 1
2991 3128 1
1251 1891 2
712 3074 1
371 2781 2
2196 2335 1
530 559 1
160 1551 2
411 2853 2
1869 3108 2
754 3192 1
2001 2281 2
1767 882 2
2188 2107 2
1930 2980 1
108 1216 1
928 2941 2
1718 882 2
1979 2872 2
468 2956 2
1490 2415 2
781 972 1
1087 2476 2
1806 1897 2
1117 2089 1
1127 562 1
1206 1609 2
2145 2760 1
488 1329 2
71 1980 2
2359 2985 2
1741 1889 1
1624 321 1
2075 1011 2
3038 304 2
2074 786 1
112 3149 1
3123 2334 2
28 711 2
1134 807 1
421 2628 1
99 2577 2
1140 100 1
2581 186 1
1466 270 2
2545 263 1
930 1687 1
756 339 2
1015 1502 1
3183 1459 2
1667 1428 2
31 3052 1
803 1619 1
1677 2375 2
1417 3239 1
18 1578 2
2707 2927 2
2196 2711 2
1184 1688 1
3233 2973 2
1271 2138 1
560 3029 1
1802 1737 2
1829 2136 1
1366 160 2
521 593 1
319 3088 1
2599 2054 2
880 3155 2
1198 1744 1
2965 1357 1
1026 3209 2
989 1341 2
1326 2158 2
1486 2147 2
1097 3089 1
1830 1957 1
680 1525 1
642 3219 1
2252 2589 2
1784 3009 1
1 2405 2
1694 2032 2
1133 1507 1
428 2886 1
1324 2206 2
1692 2373 2
2057 808 1
2313 2720 1
1554 453 2
1655 505 1
2254 1093 1
829 951 2
908 1244 1
1533 2501 1
3045 1070 1
2546 1386 1
734 2296 2
918 656 2
995 3091 1
389 1295 1
784 1824 2
678 122 2
3105 3191 2
70 1205 2
1224 2281 2
178 2953 2
129 1785 1
2734 511 1
2283 1807 2
2059 1096 2
2049 408 1
276 2478 2
1549 1519 2
477 253 2
2292 3024 2
406 2709 2
965 2407 1
1022 2941 1
452 839 2
1614 601 1
3248 853 1
1804 1930 1
458 2081 1
2169 1799 1
3086 3191 2
35 443 1
1616 1815 2
1170 947 1
1923 2645 2
1460 1423 1
1742 2341 1
1790 1069 1
1673 255 2
625 1561 2
219 873 1
1127 2711 1
805 2660 1
337 3080 2
1949 3048 1
1999 1179 1
2539 635 1
2673 2850 1
1097 2539 1
2855 2332 1
1919 2647 1
1058 1830 1
523 503 1
2092 2575 1
2758 2399 1
958 394 2
629 1387 1
2021 1877 2
52 63 2
196 1276 2
3174 3253 2
1450 75 1
2489 410 1
259 1561 1
1358 2472 1
757 3006 1
1805 1471 2
3162 1149 1
442 1453 2
41 1109 2
2143 3156 2
1523 1492 1
5 2849 2
471 1336 1
1162 2947 1
1914 596 1
2640 471 1
2529 2589 2
2348 299 1
510 2203 2
498 917 2
3067 1181 1
954 2917 2
1556 3251 2
1907 2771 2
747 1621 2
577 1210 2
1433 2888 1
2632 1226 2
1202 2201 2
1465 2840 1
3005 1242 2
1712 2946 1
504 587 1
906 2324 2
574 1585 1
1310 2673 2
1474 3010 1
1169 2145 1
56 841 1
1045 2375 1
1463 2134 1
596 297 1
3185 2462 2
566 2340 2
2262 1255 1
2050 3062 2
3211 2865 2
3247 2293 2
403 1824 1
184 245 1
1804 562 2
88 1934 1
692 2866 1
2206 2299 2
1316 744 1
878 2733 1
491 2058 2
2010 3003 2
1119 2566 1
2654 2839 1
754 1650 1
671 1881 1
884 2928 2
2909 3065 2
2998 1831 1
813 2230 2
1998 2390 1
649 1075 1
1734 2546 1
2405 2485 2
908 2467 1
2316 2147 2
347 3110 1
574 2069 1
2568 678 2
394 418 1
2672 2721 2
1892 3024 2
121 2245 1
659 2823 1
213 2477 2
2637 2619 1
1379 934 2
1231 16 2
1975 3143 1
2307 2155 2
1376 2060 2
175 909 1
1035 2521 2
211 1091 1
2936 148 1
417 1425 1
1881 3215 1
1986 528 1
2316 2389 1
1407 1117 2
1209 607 1
1556 1883 2
1850 2855 1
303 2491 1
1624 2283 1
2966 3181 1
3016 558 1
292 2598 1
1665 2809 1
474 1851 1
2022 114 2
2892 1919 2
947 2943 2
1692 1636 2
2006 2735 2
362 977 1
1012 3045 2
1186 1949 1
2457 392 1
1935 2976 2
65 2447 2
2346 2510 1
551 2606 1
1991 1824 2
554 1857 1
375 2380 1
3160 2205 2
304 1682 1
1140 2183 2
1294 1603 2
451 160 2
2264 2333 2
345 636 2
1198 2538 2
766 2386 2
702 2896 2
1882 955 1
516 1457 1
2231 3095 1
2534 2867 1
1183 2940 1
550 1041 2
348 1092 1
420 3146 1
313 805 2
1266 1891 2
41 2332 2
2167 2292 2
775 2327 1
580 1334 2
251 1095 2
999 2486 1
839 1036 2
269 883 1
162 2743 2
3062 111 2
154 2101 2
2702 1525 1
976 2438 2
1002 1444 1
2354 24 1
444 2614 1
284 410 2
420 1991 1
1104 2889 1
2413 2590 2
2251 2528 1
1819 2834 2
1058 3187 2
2696 663 2
2322 2408 1
1680 955 1
2874 3150 2
3091 1458 2
1293 1512 2
1835 1795 2
238 2630 1
2175 2883 2
384 2684 2
550 1404 2
2607 1530 1
236 2934 1
1156 167 1
3124 3217 1
2525 3117 1
2389 1307 2
878 1391 2
169 2880 2
1082 2847 1
1980 1782 1
49 1014 2
2793 3053 1
435 2218 2
1023 2388 1
23 961 1
847 2162 2
1360 1515 2
3056 2645 2
1087 1097 1
137 1248 1
209 1124 1
168 1995 1
139 1065 2
2415 2999 1
412 2126 1
307 612 2
1198 820 1
1723 1459 1
2705 2014 1
1120 1395 1
2118 2483 2
1583 3142 1
502 70 2
2725 2666 1
496 2470 1
2521 2607 2
556 2521 1
1697 625 1
298 3165 2
1303 994 2
3111 2823 2
1779 2909 2
1815 2566 1
2431 620 1
421 3235 1
820 1520 2
808 2183 2
388 843 1
2828 27 2
1086 1639 2
909 2006 1
927 3043 1
132 2314 2
3057 264 1
347 24 1
2468 2838 2
466 2833 2
937 240 2
184 905 1
1831 187 2
1249 1000 2
531 2935 2
894 2758 1
925 1842 1
49 2437 2
916 2288 2
1862 3149 2
2118 2617 1
683 1262 2
1235 18 1
3014 688 1
3249 1723 1
1408 1932 2
3156 1266 2
2278 768 1
275 1144 1
2424 3037 1
416 2086 1
2047 872 2
3067 3143 1
2396 2975 2
411 3139 2
777 3233 1
1207 2063 1
1522 3121 1
102 1108 2
1010 731 2
760 2017 1
2544 1799 1
1983 1237 2
2225 3214 1
1466 2408 1
658 2908 2
1667 3108 2
404 1042 1
476 3133 1
747 1381 1
2065 3117 1
1884 3042 2
1118 1553 2
846 1094 1
1699 2767 1
1458 1658 1
1086 29 2
2459 240 1
1819 1600 2
470 1517 2
920 2477 1
982 3126 1
661 2253 1
736 3070 1
1426 1790 2
51 2738 1
328 1289 2
429 1866 2
833 1690 2
2106 768 2
3150 1447 1
323 393 2
399 940 2
1456 2083 1
530 3086 2
3061 1634 1
2662 1134 1
435 2031 1
2094 384 2
15 1179 2
433 2924 2
125 2808 1
2757 176 1
2194 2988 2
139 2154 1
2367 2879 2
2964 2869 2
791 1585 2
245 2809 2
1681 2322 1
1433 3240 1
2314 545 1
583 2575 2
206 639 2
2272 2763 2
1477 2263 1
2253 2484 2
629 476 1
1267 2453 1
499 2581 1
230 2393 1
323 406 2
994 2560 2
2529 2833 1
512 830 2
2229 3066 2
1838 3181 2
1387 2491 1
524 1298 1
684 2519 2
1510 346 1
3065 2520 1
1387 1444 1
2034 1026 2
227 294 2
1965 3141 2
850 1239 2
2830 142 2
926 1234 1
1366 1506 1
514 2983 1
1680 1144 2
2611 256 2
1553 2271 2
2558 100 1
1472 1114 2
1506 2159 2
2928 2528 1
627 2227 2
1234 3164 1
2130 1730 2
1452 2569 1
932 2045 1
1245 2505 1
180 720 1
596 1601 2
556 2697 2
1354 2677 1
1060 15 1
181 541 1
821 901 1
2225 2677 1
891 2394 1
2539 2544 1
1200 3149 1
2760 3186 2
674 2544 2
3153 3117 2
894 2584 1
2308 2796 2
2697 1036 1
2122 2791 1
2845 1725 1
1317 408 2
2063 1918 1
1249 1176 1
941 3046 2
1767 2859 1
2842 2851 2
1866 2047 2
1197 2477 2
742 3065 1
1658 2808 2
274 1684 1
523 668 1
1552 3055 2
1722 1517 2
101 1204 1
85 442 2
1971 2221 2
3001 1275 2
1044 555 1
2200 243 1
978 430 1
2292 1229 2
936 3173 2
1239 2945 2
1299 2996 1
1459 999 1
1927 2299 2
1951 707 1
493 388 2
632 961 2
2437 829 2
3022 1748 2
2710 466 1
588 2611 1
576 1325 2
2897 2507 1
2329 1003 2
2131 530 2
1313 3015 1
1576 1705 2
634 1680 2
947 2140 2
2960 2977 1
143 2382 2
1316 1485 1
2219 993 2
767 223 2
2864 2451 2
1477 1847 1
442 1860 2
113 2853 1
1861 2187 1
2073 2366 2
49 2868 1
2229 2879 1
764 864 1
1350 3176 1
2535 1350 2
2356 3105 2
2492 2700 1
3168 2983 2
270 1231 1
1321 2889 1
2163 431 1
1092 2736 2
309 1344 1
2557 3216 2
1451 2854 2
1891 1140 2
3004 2215 2
2783 2475 1
1575 2368 1
2399 563 2
1516 970 2
1402 3083 1
114 1226 1
2141 1207 2
188 3161 2
1850 1260 1
2304 2662 2
2431 2703 2
488 649 2
1470 2436 1
305 713 1
511 3033 1
306 2335 2
321 2872 1
2004 1848 2
1188 2457 2
2612 913 2
1853 2847 1
1798 2911 1
1617 2082 2
2164 2480 1
3126 905 2
663 771 2
1076 2926 1
1282 3031 2
2112 2963 2
2084 915 1
1800 1910 2
637 260 1
2648 1482 1
1473 2747 1
1101 889 2
1710 933 1
3243 2594 1
3005 2951 1
281 598 2
1594 2744 2
797 1646 1
1058 1687 2
1017 1420 2
688 2413 1
803 939 2
2081 1785 2
453 2775 1
1079 1517 2
898 2344 1
896 1251 1
1560 248 1
2132 2625 2
186 2552 2
2261 2281 2
1980 2268 1
2723 97 2
1467 1225 1
704 1431 2
1669 1588 1
113 2195 2
216 1613 2
2563 1801 2
1198 3171 2
879 1139 1
2890 1378 2
56 577 1
462 2019 1
2218 3200 2
2175 2335 2
3248 39 2
1904 2515 1
1491 885 1
1159 2361 1
1176 1547 1
3070 1201 2
89 3127 2
3117 2444 1
641 1388 2
2067 2923 2
460 1084 1
487 3136 1
595 2669 1
884 2543 2
1467 2635 2
3167 3241 2
1233 482 2
1933 1876 1
601 1437 2
1117 41 2
592 1388 1
599 2330 1
2538 1232 1
609 1557 2
2381 1514 2
2256 1748 1
532 556 2
239 3192 1
3040 1335 2
713 2782 2
2056 2333 1
110 274 2
399 2097 1
1472 1558 1
1735 2426 1
2738 1643 1
1287 2007 1
2104 1771 1
1300 1717 1
252 1791 2
2599 1979 1
2227 2336 2
173 3218 1
3096 2785 2
452 1327 2
1419 621 2
2628 1633 1
2893 3099 1
545 996 1
2000 3232 2
1482 1320 2
1555 2064 1
1648 2026 2
1426 1913 2
2396 199 1
544 2205 2
298 752 1
1661 2490 1
2903 1464 2
408 3098 1
239 1340 1
344 1393 1
170 1469 2
1346 2600 2
1552 453 1
3076 308 2
3162 2334 2
1789 1857 1
1556 2558 1
1955 2829 1
1946 3238 2
2600 1547 2
1897 2070 1
500 1990 1
641 3161 1
2367 2773 2
985 2742 2
329 1125 2
222 999 2
1956 2650 2
2906 2004 2
192 827 2
2009 32 2
403 1010 2
2070 2900 1
229 1123 1
740 1864 1
664 1051 1
2904 884 1
741 2466 2
1596 802 1
2540 3051 2
2760 610 1
90 671 2
310 2172 2
490 1056 2
1086 1346 2
843 1588 2
970 1400 1
266 3233 1
118 137 1
78 3182 2
146 1367 2
2904 1126 1
920 2976 2
1063 544 1
1142 1591 1
1528 351 2
2949 1542 1
1061 3100 1
1509 1277 1
1273 2461 2
2068 746 2
2054 2797 2
2439 2608 1
481 2232 2
309 2943 2
867 2941 1
96 849 2
1064 3226 1
670 3070 1
1824 2685 2
2968 3073 1
2407 562 1
492 2017 1
1230 1717 2
1111 2291 1
284 2482 1
3130 2088 1
304 1673 1
237 451 2
1720 534 2
1668 2293 1
830 3180 2
329 2898 1
611 2584 2
437 2431 2
1390 1302 1
681 2828 2
1388 1229 1
1684 2045 2
57 1917 1
130 1907 1
1986 2989 1
143 156 2
1645 2467 2
649 516 1
499 986 1
1660 789 1
2852 3140 1
1515 371 1
2100 1061 2
1288 3132 2
2048 2820 1
2953 748 1
2837 3017 2
2543 584 2
1222 1960 1
1857 781 1
650 1276 2
1217 569 2
2994 1395 2
122 2554 2
2782 3202 2
1068 2432 1
938 3076 1
2633 369 1
2156 1464 2
12 1864 2
965 735 1
2202 1351 2
1520 2943 1
2931 1460 1
2270 1714 1
977 3189 1
2749 2917 2
713 2850 2
367 1459 2
544 1092 1
1009 1451 1
941 2714 1
1201 1621 2
1949 3241 1
1587 2596 2
2996 1710 1
267 1228 2
1894 2487 2
342 584 2
2040 2312 1
362 1465 2
1103 2897 1
1217 1750 1
2989 246 2
1961 447 1
2608 783 1
2960 2174 1
1671 3125 1
3131 1238 2
915 109 1
941 2727 2
320 2114 2
1736 2207 1
1531 1509 2
1584 618 2
1004 1992 2
2258 791 1
474 1534 1
1772 1837 2
3028 480 1
2023 924 1
1217 1992 2
2726 1081 2
1633 1907 1
914 2220 1
544 1226 2
146 2348 2
24 1190 2
2541 3250 1
722 1232 2
1651 2486 1
1873 347 1
1372 3034 1
852 2281 1
1829 2492 2
1173 3090 1
2089 2833 1
191 1717 2
390 3095 1
2584 2775 2
754 1830 1
769 647 1
1070 1807 2
1841 1684 2
3118 2830 2
291 1022 2
1920 3145 1
2541 1506 1
232 1381 2
148 2141 2
1331 1703 1
1107 2749 2
388 2015 2
1394 712 2
1313 1541 1
464 2010 2
2160 3140 1
2401 48 1
926 1775 1
1772 1274 2
2579 54 2
67 95 1
9 1551 1
1363 1520 2
2008 2224 1
2729 523 1
1383 186 1
108 1035 1
1238 1259 2
2372 2622 2
768 2478 2
1475 125 1
1714 2356 2
508 861 1
1781 1363 1
102 173 1
1659 2457 1
1974 2697 1
1762 2289 1
471 161 1
1219 2535 2
1254 2758 2
1557 315 1
695 2794 1
213 2791 2
2873 1978 1
1727 2712 2
2423 2910 2
160 3130 2
2307 254 2
560 1559 1
1771 1183 1
214 3137 1
1862 1072 1
409 572 2
1453 1776 1
1112 1254 1
322 1098 2
370 2566 2
745 1460 2
168 402 2
647 2322 2
3147 766 1
1459 22 1
2114 1643 1
2128 1312 2
2571 3050 2
1294 3072 1
540 1149 2
1517 2592 1
376 1455 2
190 2756 2
1549 3069 2
1512 1201 1
2286 2773 2
2248 2289 1
672 1224 2
2772 717 1
218 2976 1
2004 2831 1
1515 1620 1
1138 1633 1
2206 1474 2
2442 2010 2
158 1353 2
2009 2128 2
505 1168 2
458 3042 2
995 1971 1
2989 543 1
1412 2259 1
916 106 1
183 3224 2
2201 2419 2
907 2272 2
821 2986 1
1616 1271 2
1258 1563 2
535 2400 1
2549 2873 2
2145 2029 2
1169 1454 1
1694 2093 2
1405 1990 2
3227 1539 1
1248 1518 1
582 1694 2
1140 524 2
138 2700 2
2748 1770 2
893 2044 2
1306 1459 1
796 1882 1
494 2978 1
2598 3179 1
631 768 2
1247 2986 2
1508 3027 1
107 3242 2
106 1297 1
39 75 1
3236 433 2
1384 2173 2
2251 2024 2
2051 687 1
1990 3151 1
756 1823 2
468 2817 2
313 1482 1
2031 2142 2
680 2178 2
2244 3189 1
379 789 1
2242 339 1
2667 1794 1
2080 2263 2
793 1072 2
615 2234 1
2167 1922 1
1298 12 1
1421 1809 2
1330 1950 1
650 2191 2
519 1479 1
410 489 2
1141 2694 2
1626 2214 1
148 223 1
1180 141 2
1405 2474 2
2043 2502 1
799 2701 1
1535 1537 2
256 961 2
808 1437 2
758 1845 1
367 1206 2
2335 3024 1
2032 2986 2
1464 2007 2
2890 1556 2
777 1306 2
3031 283 2
582 2299 1
2246 996 2
1552 1073 2
1142 2895 1
25 395 2
813 1902 1
190 233 1
943 965 2
186 757 1
3045 568 1
3186 2493 1
211 2507 1
1207 2243 2
2726 1754 2
1098 1253 1
1958 1882 2
31 590 1
2405 3096 1
402 2489 2
1221 1360 1
997 1615 2
1172 2370 1
1351 157 2
1686 2362 2
3186 2614 1
1064 2544 1
126 2032 1
200 934 2
1134 1970 1
608 1631 1
606 3019 1
2154 1541 2
1782 1898 2
1116 2074 1
878 216 1
1705 3112 1
1784 1944 2
1961 2543 2
519 3252 1
242 2449 1
1646 1256 1
97 1048 1
1087 2955 2
1746 2591 1
2400 3115 1
1710 682 1
600 1110 1
1787 2134 2
2927 1060 1
2583 1021 1
2493 2525 2
387 3217 2
2122 2245 1
568 1693 1
547 587 2
1084 2512 2
736 1277 1
2099 800 1
1653 454 1
2179 2486 1
23 846 2
336 1306 1
1764 1224 1
623 1107 2
3028 711 1
968 1519 1
312 1888 2
2504 3185 1
2624 1301 2
119 261 1
1885 2130 2
1454 2846 2
3002 1597 2
1853 636 2
3186 1943 2
1777 1809 2
245 3002 2
2541 1387 2
397 1824 1
1230 2579 1
3 2422 2
142 551 2
2542 565 1
675 1768 2
2595 1623 2
3091 2995 1
2862 3172 2
551 2641 1
1908 1861 2
232 1612 2
2873 2772 2
2112 1102 2
1983 3203 2
1570 819 1
661 1762 1
931 1586 2
57 793 1
1564 3219 1
1717 1512 2
642 1483 1
24 387 1
1756 3160 2
1694 2282 1
3223 266 2
5 1542 1
726 1073 2
2678 1900 2
293 1191 1
3082 2478 2
773 2353 2
367 911 1
1191 126 1
2220 2742 1
2271 3202 2
1080 2998 2
63 1668 1
369 957 1
2341 1985 2
3081 3192 1
2054 1928 2
90 983 2
1828 2753 2
1325 2169 1
2507 863 1
208 1618 2
991 2818 2
1228 2236 2
2606 805 1
529 2198 1
1895 1467 1
1996 1290 1
2011 366 2
963 1672 2
756 2133 1
1210 1549 2
1843 1987 2
1614 2127 2
313 1792 2
683 571 2
1127 2948 2
1566 137 1
709 2960 1
1263 328 1
1556 2307 1
1707 490 1
2956 3146 1
1366 197 1
380 920 2
2269 2216 2
421 692 1
254 286 1
1737 2355 2
1620 1770 2
2764 2158 1
2738 2923 2
1339 3248 2
1218 2958 1
1553 2948 2
2386 936 1
1233 728 2
811 1264 1
1038 2438 1
1374 1377 2
441 1172 1
879 580 1
33 71 1
2414 2058 1
426 2 2
905 1922 1
1371 675 1
2854 3232 2
1465 2259 1
1611 2084 2
1877 1974 2
2532 2400 2
1718 1658 2
625 1235 1
463 1173 1
353 1301 1
368 2104 1
3033 3096 1
746 2464 2
1513 3131 1
2433 2313 1
423 2979 2
352 2510 2
73 2600 1
1357 2739 1
3038 1080 2
2444 607 1
3070 2052 2
1633 1856 1
418 2985 2
2298 2246 2
1513 2434 1
2654 1090 1
2027 2655 2
1425 2092 1
379 549 2
1848 2912 2
3124 2473 1
1601 1271 2
2721 1265 2
2031 3070 2
532 2454 1
995 2215 2
1686 3035 2
1390 1990 2
2217 1210 1
443 2641 1
656 948 2
145 2947 1
926 2758 1
2994 84 1
1428 1693 2
821 1015 1
290 2547 2
286 856 1
2452 969 1
473 948 1
1233 2393 1
1859 3084 1
1506 1239 1
1659 286 1
2046 2910 1
119 1618 2
382 42 1
2871 3023 1
2236 2512 1
763 902 2
2370 526 1
3209 2264 2
385 956 2
1283 2106 2
1598 3164 1
2704 1045 2
2625 523 2
59 971 2
1217 1257 2
2767 1101 1
370 1092 2
1801 756 1
2043 2733 1
1785 1943 1
3125 28 1
101 1089 1
536 1246 1
1534 1580 2
2396 3036 1
1472 2651 2
1639 1596 1
250 623 1
2325 123 1
1672 2453 1
2964 1507 2
495 2147 1
844 86 2
2977 1217 1
1812 2692 2
686 2358 1
96 3081 2
1548 1599 2
2212 2582 2
2385 2510 2
1456 1781 1
3061 1332 2
2833 3131 1
2458 2988 2
2864 229 1
1177 1319 1
2320 2236 2
618 803 1
107 2802 2
693 2374 1
146 1747 1
2049 3170 2
586 2019 2
445 2043 2
2876 1407 2
804 929 2
1196 1682 2
546 1802 1
642 49 2
464 2443 2
3041 1336 1
854 2857 1
2502 1058 2
1779 2649 2
1275 2069 2
2545 2596 2
342 1635 1
1906 2609 2
1472 1859 1
914 1043 2
157 1589 1
2230 720 1
2421 2008 1
928 2146 2
2905 1303 2
3027 1000 2
1501 1513 1
499 1703 1
1008 1846 2
1925 3238 1
1449 2262 1
1480 1575 1
3080 1011 1
2321 2191 2
464 1867 2
521 940 1
865 2736 2
1558 2663 1
996 1233 1
704 1061 2
1791 915 2
597 706 1
142 2526 2
2635 2997 2
1477 2445 2
541 2989 2
64 1640 2
1344 3084 1
876 535 2
1245 109 2
2838 2538 1
2356 2535 2
460 2808 1
2609 500 2
1122 1170 2
981 1985 2
487 430 2
2813 1727 2
2362 1791 1
1200 2029 1
1449 2733 2
2530 2543 2
2712 2025 2
591 2594 1
663 1945 1
2996 2198 1
419 2753 1
463 2530 1
1533 2740 1
2149 2972 1
2401 3193 2
1195 1698 2
410 2640 1
2211 2803 2
1488 459 2
368 2414 2
1254 2278 1
706 423 2
236 1440 1
1769 3101 1
473 895 2
2964 2259 2
243 1601 2
1172 2064 1
1106 1710 2
1837 2454 1
1611 2636 2
1139 840 2
3145 735 2
3188 2088 1
2758 60 1
1718 1981 1
713 2654 1
2881 2611 1
49 459 2
88 2602 2
2536 627 1
1915 2000 2
2333 527 1
631 1309 2
1548 2701 1
2812 1959 2
1759 2921 2
2053 887 1
1860 1246 2
1371 2287 2
103 2092 2
1660 2124 1
683 681 1
600 2898 1
1825 2228 2
80 159 1
658 2085 2
1463 1058 2
28 1689 1
136 1222 1
98 2916 2
244 755 2
815 1776 2
357 1864 2
775 162 2
483 1451 2
2706 2098 2
2139 1 1
1089 2429 1
84 924 2
2148 2450 2
433 812 1
2019 2070 2
348 216 1
3140 2969 1
1901 1526 2
970 2185 2
1178 902 2
1479 2062 2
589 2493 1
1186 2483 2
1967 2819 1
523 2139 1
1146 869 1
1295 669 1
2541 839 1
2513 1531 1
1735 446 1
1308 1133 1
1757 2420 1
205 288 1
110 1448 2
1234 689 2
176 2970 1
1088 2032 1
2662 1479 2
3051 1062 1
435 1918 1
958 1922 1
1030 1044 1
1763 666 2
3158 2851 1
981 2845 1
3169 1468 1
2592 898 1
792 1108 1
1519 2376 1
674 2055 2
278 2055 1
1613 2011 1
245 1878 2
11 1711 1
1439 1858 2
551 3153 2
1139 1337 2
407 2879 1
1883 559 2
2392 1897 2
2820 2869 1
1686 688 2
1216 2725 1
332 1244 2
2773 542 1
2959 1715 2
1299 1447 2
2937 1175 1
2268 2477 1
1000 2282 2
1676 2602 1
356 1988 2
2097 2366 1
2924 3047 1
1697 2661 2
3154 1294 2
2495 160 2
263 713 1
2233 160 2
565 526 1
845 2795 1
483 1130 1
1701 2487 1
3062 2644 1
2140 871 2
73 2952 2
2805 1490 1
592 1302 2
704 311 2
3028 1010 1
2579 2904 1
686 937 1
1090 1286 2
1668 2983 2
1418 2283 2
960 3162 1
1378 2921 2
1734 2785 2
58 2536 2
2427 268 1
3065 784 1
1260 650 2
1110 1120 1
1395 2043 2
2406 2545 2
1501 2173 1
273 2353 2
1119 3047 1
608 2077 1
2316 2507 2
2500 638 2
3188 746 2
398 2469 1
1690 2984 1
324 1500 2
2507 1028 1
2759 3198 2
145 2962 1
1530 1692 1
2256 1567 2
2309 2625 2
987 1184 1
288 1146 1
1430 2656 1
597 2426 2
337 3253 2
1608 2699 1
450 915 2
1773 2766 2
631 2424 2
667 2081 1
1228 2414 1
1890 2762 2
2129 3044 1
1695 308 2
1079 2062 2
3116 1499 2
2099 2643 2
2474 1766 1
763 3253 2
3058 3251 2
594 1495 2
1394 87 2
1655 2343 2
253 3151 1
1287 1947 2
68 1156 1
3118 3 1
2605 2636 2
79 2971 1
380 1916 1
1837 2764 1
2940 1165 2
1098 1378 2
1949 2416 2
276 2209 1
845 151 2
2691 3026 2
184 2620 1
3209 1703 1
3152 3155 1
2300 2875 2
1701 2058 2
925 1571 2
2010 2813 1
1069 798 2
78 652 1
344 1562 1
2488 3111 1
3052 3153 1
1684 1596 2
1395 1493 2
2009 3113 2
2500 1135 2
419 1332 2
1107 1211 2
2553 1641 1
669 1214 1
1266 3190 2
729 3214 1
619 1393 2
3187 466 2
1158 2839 2
69 2646 2
905 2918 2
1025 3212 2
1980 732 2
1697 609 1
2831 538 1
659 2862 2
1457 2613 1
2207 859 1
529 2752 1
2998 1883 1
1812 2023 1
1175 2900 1
1742 2193 1
1704 1443 2
3252 194 2
213 2408 1
2133 3246 2
3095 1937 1
2447 2655 2
494 1640 1
719 1987 2
13 2993 2
3082 2119 2
1724 459 1
800 2060 2
3088 621 2
2062 225 1
2111 346 1
242 2708 2
1613 2321 2
608 25 2
491 1197 1
5 2472 2
1911 2392 2
2128 700 2
1699 294 2
83 3065 2
1234 423 2
222 1423 2
2254 516 2
812 2420 2
2759 917 2
104 384 2
2449 2448 2
2453 352 1
1203 2463 1
1282 1524 1
198 3136 2
1311 1996 1
2933 1191 2
237 2835 2
655 2594 2
2479 2741 1
1770 295 1
328 2199 2
1515 1237 2
2919 1027 1
1098 2117 2
2149 2277 1
122 1313 1
1997 2674 2
378 2959 2
247 261 2
1876 2155 1
2984 2095 2
3056 2200 2
950 906 1
1065 893 1
724 2815 2
648 1544 1
302 3122 2
424 2553 2
788 1258 2
3157 3191 1
382 341 1
481 2535 2
18 559 2
419 903 1
1162 947 2
1255 3124 1
1145 1303 2
487 3023 2
1824 1591 2
323 148 1
2658 3214 2
567 508 2
202 1844 1
277 2661 1
507 1625 1
2403 1123 1
1353 2356 1
1339 206 1
3238 2190 1
2274 2406 2
1324 2823 2
1592 1820 1
718 798 1
797 1091 2
1585 612 2
1449 1017 1
1010 2138 2
392 1271 1
1648 2129 1
1213 740 1
188 3198 2
2891 2267 1
109 2676 2
1294 3065 2
459 1217 2
414 1740 2
1871 2817 2
1412 842 2
178 1692 1
2136 1839 1
26 2089 2
1082 1610 1
1234 3135 1
141 2749 2
249 2282 2
2669 2689 1
1169 976 1
2939 2284 1
2686 2629 1
3150 2733 2
1348 389 1
2851 3110 2
326 1869 2
56 2008 1
826 2155 1
1946 2186 2
819 3199 2
2273 366 2
1698 2084 2
1266 2198 2
848 224 1
593 1395 2
581 109 1
2420 3008 2
1790 2841 1
2712 2887 1
447 2509 1
683 3045 1
610 1749 2
749 2847 1
609 2278 1
1328 1211 1
91 366 2
786 2914 1
521 2165 2
1739 2502 1
918 2804 1
2637 1437 1
2253 2723 1
2545 2077 2
442 1239 1
1352 1460 2
145 2938 1
250 2237 2
1265 2969 1
1401 1581 1
692 3107 2
511 2278 2
141 1018 1
1957 2967 2
2999 1358 1
948 1986 1
3245 596 2
736 2746 1
612 724 1
919 1406 2
2347 2785 2
1010 770 1
49 2718 1
3072 1957 1
2674 3116 1
260 1891 2
2014 2962 1
1553 1584 1
2179 814 2
752 1535 2
1349 1525 2
1321 1692 2
941 10 1
153 452 2
550 2074 1
1004 1490 1
1329 1812 2
2375 3089 2
897 1135 1
76 2191 2
1354 3037 2
2818 2612 1
237 3011 2
1524 3219 2
2747 1914 1
3129 2770 1
18 1432 1
646 2950 1
1940 2868 1
1258 67 1
812 1441 2
1636 656 1
1407 1587 1
999 1533 1
438 971 2
2296 2917 2
1413 2341 1
1561 2993 2
399 979 2
2911 1500 2
1696 2629 1
1326 615 1
1362 1063 1
202 1899 2
1410 1777 1
2490 2904 1
360 1024 2
3006 1508 1
153 2909 2
919 1661 2
45 2854 2
265 2332 1
664 617 1
311 987 1
3244 747 1
1649 2409 2
1389 3007 2
33 1982 1
814 332 1
2367 1642 1
44 1811 1
32 2511 1
746 1100 2
784 160 1
2291 2815 1
1964 471 1
1597 677 2
2722 1052 2
1679 2702 1
1710 554 2
361 700 1
1145 553 2
935 2958 1
1864 240 1
126 1099 2
152 68 1
704 810 1
456 745 1
2396 2464 2
990 386 1
1151 223 2
1858 839 2
677 2784 1
1241 2368 2
491 1870 1
40 1180 2
1781 1787 2
1590 3010 1
492 523 2
1744 2430 1
121 2273 1
2654 665 2
178 2578 1
2607 819 2
568 289 2
931 1095 2
1999 2656 1
166 2689 1
49 1121 2
1519 2433 2
2467 3175 2
3036 1346 1
2902 888 1
1539 3085 1
1912 2364 1
580 1925 1
3142 2038 1
764 2271 1
1438 2710 1
2082 2546 2
1165 1797 2
1636 3139 2
1414 3026 1
77 257 2
588 998 1
173 490 2
2490 2233 1
1244 1568 2
2935 2354 1
2802 2993 2
334 2515 1
258 719 2
3224 1410 2
348 2864 1
590 1165 1
20 2769 1
1031 1810 2
2106 149 2
2699 2878 1
2243 383 2
18 3110 2
1731 1403 2
437 2010 2
2308 1680 1
1002 3216 1
2530 2547 1
2466 2791 1
2680 2720 2
369 1997 2
935 2637 2
1159 2116 1
2685 620 2
596 2942 1
699 2397 2
3056 3236 2
76 3172 2
1389 363 2
2039 1906 1
774 3214 2
1122 19 2
356 3226 1
1860 2163 1
515 1004 1
1138 2178 1
2719 1372 2
2158 3025 2
785 2585 1
501 840 1
1001 1126 2
426 2652 2
2736 1955 2
2882 3241 2
2310 3015 1
791 2255 1
2737 113 2
2812 1950 2
209 1607 1
1308 532 2
2343 1916 1
837 2078 1
1690 1765 1
1199 2696 1
533 2835 1
586 1944 2
2704 2043 1
818 1018 1
1355 2943 1
2143 3144 1
1854 3041 2
488 325 1
796 212 1
2669 2207 1
1058 3107 2
2013 2805 2
666 2317 1
694 1598 1
1404 2697 2
1965 2993 1
2276 2626 1
2837 2959 2
1113 1730 2
2140 1533 1
3055 2098 1
2540 2672 2
217 2612 2
1344 1370 1
1863 1935 2
840 3005 1
1528 3113 1
1514 2949 2
407 2857 2
1401 2254 2
420 1106 1
2070 1366 1
175 2736 1
2830 3040 2
822 857 2
82 2279 1
641 1748 2
474 1342 1
460 1444 2
833 1918 2
771 1040 2
63 1219 2
978 1784 1
1962 2708 1
1260 3190 2
451 806 1
714 1445 1
1997 3160 2
1474 675 1
1601 1948 2
1403 206 2
126 2443 2
1752 94 1
931 3136 2
1557 1841 1
762 1341 1
2505 2583 1
226 580 1
1330 1798 1
2171 2414 1
614 167 2
486 3136 2
64 1686 1
1081 2033 1
621 62 2
1400 2015 1
410 1047 2
2391 2538 2
414 3152 1
2630 2591 1
1279 2893 2
1260 399 1
2906 3169 2
2868 2877 1
1078 1856 2
2220 1380 1
191 1767 2
46 3106 2
32 2942 1
503 2527 1
568 707 1
2206 435 1
1526 2625 2
1035 1341 2
47 2698 1
231 1058 2
2700 152 2
1098 2858 2
377 3098 1
703 1282 1
1921 158 1
1721 1036 2
2296 2664 2
97 2411 1
1656 1809 1
2898 1951 2
1361 2800 1
2484 2082 1
2742 391 1
1281 67 1
887 2651 1
2203 2328 2
1685 2402 1
2696 1214 2
312 1373 2
1556 2931 2
7 2723 1
3171 3170 1
110 1949 1
509 1429 2
1061 185 1
1456 714 2
456 1539 2
2009 2849 1
896 1545 2
1236 1879 2
171 2309 2
1148 1766 2
1987 1518 2
318 1016 2
1637 1930 2
1646 178 1
2315 2030 1
2000 935 2
1494 2524 2
1590 2757 2
2789 3081 1
22 2307 1
485 1314 2
1846 2454 1
1856 2647 2
727 3062 2
777 1193 2
2244 2500 1
976 2305 1
931 3057 1
1929 1405 1
1103 1363 1
2796 990 1
378 1861 1
1978 1297 1
2107 3168 2
1090 606 2
584 1966 2
2688 410 2
1504 1643 2
1449 953 2
511 2656 2
2782 45 1
332 2913 1
1482 312 1
552 2364 2
2172 2452 2
269 2978 2
93 3018 1
788 1328 2
698 617 2
1078 2595 2
2714 934 1
1735 613 2
1131 1438 2
1038 1210 2
2598 2974 1
518 686 1
1349 2829 2
1698 2946 2
172 49 2
2732 1513 2
194 1757 1
2362 2468 2
1307 2832 1
1 167 2
828 848 2
1604 1069 1
936 381 2
1491 2360 1
995 2947 1
358 1343 2
1538 1654 2
1318 1385 2
180 2734 1
682 915 2
11 710 1
226 2621 2
2363 3228 1
658 63 2
2344 1000 1
2504 723 1
2016 1134 1
641 2045 1
1972 2525 1
1332 1670 2
3039 1003 2
1872 3112 2
2137 2363 1
839 1508 1
15 78 1
2557 2397 2
2204 2767 1
1249 2840 1
502 1105 1
2415 2987 1
2475 3001 2
2772 780 1
1987 739 2
1209 2394 2
3228 242 1
2106 2353 2
627 2389 1
520 1768 1
2846 1079 1
165 1540 1
1066 746 2
851 2807 1
2857 2931 2
799 402 2
391 1065 2
453 1714 2
1673 2326 2
2850 2891 2
953 3205 1
2334 3011 1
3089 140 1
2581 2888 2
599 1135 1
2834 3068 1
1523 59 1
289 946 2
1115 1402 2
874 1047 2
2534 1729 2
1409 1125 2
75 3057 2
2040 699 1
651 1941 1
1460 124 2
250 1368 2
401 1537 2
1844 2221 1
966 2218 1
498 2638 1
1785 2809 2
1334 2873 2
1454 3204 2
3211 2129 1
1344 1346 1
492 2069 1
74 95 2
60 197 2
1768 2842 2
1498 2752 2
2704 2032 1
1578 2223 2
955 1012 2
8 909 2
1849 471 2
252 1306 2
3242 1829 2
155 1602 2
876 3119 1
1056 2003 1
13 206 2
2475 2330 1
1296 1463 1
3178 1026 1
819 1538 1
2609 2266 1
885 1074 2
267 1964 2
191 1151 1
1801 1046 1
1202 1949 1
2463 1165 2
1854 1875 2
350 2901 1
23 291 2
573 435 2
714 145 1
1987 2633 2
1397 1370 1
3112 2779 1
1462 304 2
651 1028 2
1229 2991 2
711 1833 2
131 1258 1
919 2765 2
1767 2108 1
285 678 2
2112 534 1
2668 523 1
625 975 1
150 224 2
1774 246 1
540 904 2
510 2193 2
1766 3051 2
1826 3102 1
1913 1758 1
1389 2017 1
900 1560 1
2085 1986 2
2334 2690 1
2081 2281 2
690 3184 1
396 751 2
377 509 1
702 1208 2
108 2684 1
1452 2194 1
366 2979 1
2355 1473 1
1159 2615 2
2405 2462 2
1994 2662 2
618 2382 1
417 931 1
1485 2492 1
1235 1563 1
352 1216 2
130 349 1
295 2631 2
895 1909 1
148 3106 1
950 2333 2
1402 1151 1
1183 326 1
2621 2881 1
824 2608 2
244 2292 2
639 2562 2
510 2448 1
2633 3120 2
425 1815 1
1983 3240 1
85 2161 1
1861 1328 2
99 1830 2
474 1707 2
1193 640 1
1091 2844 1
3202 15 2
1108 44 2
323 2972 1
1985 1071 2
2073 2904 1
1887 1731 1
2444 2817 2
661 2967 2
2581 2822 1
857 1630 2
29 1707 1
1352 1572 2
2556 2765 1
2198 1071 2
2654 1085 2
1454 3017 2
3051 2707 2
678 1335 2
1555 1379 2
1763 2082 2
1174 1687 2
637 1711 1
2452 3058 1
690 1574 1
271 1361 2
739 1466 1
1747 502 2
1846 2201 1
893 886 1
552 593 1
1725 1911 2
1941 223 1
796 2121 1
2924 3174 2
1687 2329 2
472 1243 1
3046 2605 2
1664 2574 2
1471 3199 2
1125 576 2
1751 3253 1
1446 2617 1
1286 2399 2
1308 468 1
1896 3082 1
1409 2469 2
1791 1339 1
2558 1740 1
3108 1655 2
897 2065 2
391 2193 1
1177 2348 1
2046 2797 2
554 908 1
1032 1472 2
125 2717 1
961 1003 2
526 1600 2
2038 2384 2
598 951 2
2504 1396 2
50 1082 2
2827 2315 2
1581 1879 1
1114 3167 2
1196 2711 1
1351 2356 2
1349 1758 2
255 733 1
459 2189 2
1815 770 2
2895 1668 2
3187 3237 2
2731 2957 2
456 1891 1
1688 2163 1
2555 1977 1
1149 2114 2
1748 716 2
3019 2606 2
971 2485 2
2886 3016 1
231 497 2
479 562 1
1481 1540 2
522 2137 2
2566 2516 2
410 1667 1
1538 1293 1
1364 1369 1
994 2361 2
1761 2762 1
3180 874 1
2223 578 1
2627 3142 2
1636 2767 1
1813 2400 1
2011 2644 2
65 585 1
1107 3177 1
1432 2708 1
845 1191 2
3156 1685 2
1026 34 2
2538 2575 1
1034 1615 1
898 2774 1
2943 1806 1
2069 2999 2
1107 2130 1
3123 2676 1
406 1265 1
1619 1487 1
1612 316 1
2859 122 2
1703 1831 2
292 870 2
672 2323 2
1860 2717 2
1013 1569 1
352 2089 1
605 2269 2
1455 453 2
1381 2719 1
286 1469 2
3188 418 2
985 689 2
1304 2657 2
437 591 2
2219 3222 1
2554 1714 2
2803 2455 2
2641 2127 2
421 3212 2
1529 1957 2
266 1877 2
997 2096 1
1890 3131 2
1580 2942 2
594 925 1
52 605 1
308 1056 1
269 310 1
3051 426 1
1908 2892 1
2474 1317 1
519 2444 1
914 2448 2
1960 2301 1
205 1759 2
408 132 2
2825 3237 2
2152 2242 2
2243 374 2
1549 222 2
806 1575 1
295 605 2
2688 3124 2
2252 1776 2
953 2268 2
749 1980 2
60 186 1
755 711 2
858 2115 2
615 2394 1
1346 3138 1
2815 1071 2
1967 1270 2
2710 1314 1
409 3228 2
2107 755 1
2817 2837 1
607 2920 2
1085 1232 2
468 775 1
201 2417 1
2179 3196 1
2062 1628 2
3115 2652 2
539 2412 1
2407 2831 1
1338 2765 1
2607 152 2
1423 2580 1
712 1256 1
3167 1243 2
3148 964 1
821 1428 1
22 28 2
3012 2537 2
1536 1181 2
2205 2737 2
2702 1557 1
1078 2289 2
3165 1318 2
360 2238 2
845 1004 1
1661 129 2
1478 3162 2
466 1910 1
2152 632 1
1954 2862 1
61 2090 1
1620 1525 1
498 667 2
1031 3116 1
3190 1267 1
1871 1521 2
1439 1598 1
601 2485 2
2688 1285 1
2667 3148 1
3112 3010 1
2054 2167 1
1622 1719 2
1066 306 2
104 861 2
622 2544 1
3032 3246 2
2700 1753 2
2058 2286 2
1430 2717 2
1280 1955 1
1130 2950 2
278 1916 2
2112 2522 1
3089 518 2
2805 2974 2
1979 946 2
1461 3235 2
1754 1767 1
713 797 2
1272 266 1
344 2657 2
2245 2233 2
1554 2352 1
634 2086 1
1658 2180 1
2581 2569 1
1433 3230 2
320 1926 2
1643 2020 1
688 2093 1
2732 523 2
2924 2908 1
164 861 2
2337 896 2
3113 1117 2
635 2203 1
1044 2371 2
2995 2330 2
641 2920 2
171 756 1
558 936 2
382 939 2
3202 822 1
2699 2682 2
149 1411 1
945 1318 1
1578 965 1
1564 3016 2
1858 1019 1
860 2671 2
1800 3000 2
2829 2647 2
661 512 2
3087 3208 2
2278 2773 1
559 2450 1
548 2032 1
1787 1260 1
183 1116 1
279 824 2
2492 783 1
2189 1011 1
1679 2895 1
2995 357 2
2081 660 1
218 1110 2
13 2812 2
3017 1018 2
1308 1383 1
740 2094 2
222 2397 2
2290 1184 2
965 2441 1
18 123 2
714 1812 2
803 1332 1
3131 487 1
371 426 1
2045 2026 1
1441 865 1
116 136 2
1673 168 1
2849 2760 1
1982 694 1
187 3234 1
768 1230 1
1062 1219 2
364 1820 2
130 1653 1
311 496 1
155 1417 2
2685 1955 1
199 3180 1
625 2763 1
3140 320 1
1826 2904 1
773 2634 2
581 1646 1
1111 2629 2
2919 28 1
2950 1098 2
2774 1367 1
224 2311 2
1877 590 1
1820 2042 2
2735 2836 1
302 1184 2
1061 2404 1
2835 973 2
111 2555 1
2683 3090 2
210 319 1
3030 3134 1
366 566 2
326 1662 1
2556 1036 1
2671 3201 2
1365 307 1
482 1680 1
576 1544 2
679 2194 2
1897 582 2
290 921 2
1057 1359 1
3003 1617 2
1411 544 2
1239 2009 2
1073 256 2
1126 1314 1
1600 187 2
1458 3221 1
556 2366 1
2486 1448 1
1459 184 2
2131 3206 1
1216 197 1
2551 2102 1
2929 2957 2
3227 170 2
389 913 2
2032 2180 1
1928 2059 2
1594 2708 2
515 2486 2
757 2248 1
2686 462 2
2999 2908 2
2795 2849 2
1408 2474 1
126 2381 2
904 2446 2
1585 1841 1
1597 912 1
380 985 2
2494 2857 2
825 1335 2
1098 2662 1
1606 1671 2
1449 1199 1
3202 3092 1
786 855 2
908 2272 1
1270 2890 1
386 591 1
635 1332 2
60 872 1
2866 1574 2
916 2025 1
48 2703 2
378 2578 1
1362 1553 1
195 1181 2
2165 1611 1
1120 2434 2
1753 391 2
1894 1562 1
541 771 1
1568 2789 2
2034 1313 2
267 1471 2
1939 2473 1
654 2634 2
403 1066 2
29 2811 2
1576 206 1
1613 3242 1
596 1875 1
3130 1889 1
1421 1729 1
100 2233 1
2567 729 1
17 2464 2
2281 3112 1
288 2927 2
1188 2689 2
162 2293 1
557 3088 1
710 1115 2
309 771 2
61 2655 2
1774 1968 1
1880 2135 1
984 1354 1
1842 1385 2
1537 2964 1
1298 1221 1
775 3166 2
878 1867 1
1773 1514 1
43 1002 1
53 1195 2
2189 2368 1
1757 1920 1
2304 2318 1
1979 2787 1
50 2883 2
1655 1909 2
1378 877 2
2534 2551 1
1222 1761 1
3113 1669 2
1411 2451 1
814 2232 2
2925 1618 1
1187 1282 2
89 2996 1
682 1295 1
589 1067 2
2468 1904 2
3118 2952 1
2562 748 1
1655 1801 1
1863 2733 1
402 2409 1
527 1357 1
2301 1912 1
162 2427 2
213 672 1
1146 2008 2
1600 2215 1
1698 2521 2
72 2655 1
779 2480 1
545 852 1
2711 211 2
1021 2538 2
1425 413 1
1466 414 1
2562 1808 2
421 1725 1
1646 1055 2
921 1553 1
948 2181 1
1720 2926 1
142 3249 1
2783 2157 2
75 1209 2
2277 2965 2
1374 1242 2
1009 2541 1
102 1571 2
2385 1515 1
1333 2113 1
1753 1009 1
20 2441 1
2415 1623 1
486 1948 1
1398 2996 2
223 814 1
1740 1713 2
296 1329 1
1791 2698 2
2138 1759 1
2383 1526 1
1512 21 1
1250 250 2
3196 2080 2
1095 901 1
2370 2001 1
2041 2994 1
435 2023 2
946 2498 2
299 701 2
1635 1488 1
2161 2766 2
2532 3204 1
1957 2707 2
1747 2116 2
1591 556 2
584 2617 1
1587 1834 2
567 758 2
661 2608 1
1791 3061 1
1044 1326 1
469 1620 2
1393 1968 1
1236 1496 2
195 2283 1
391 1929 1
1320 2429 1
416 2925 2
2071 82 2
311 1182 1
746 356 1
895 2142 1
2215 3244 2
2853 1286 1
79 1290 2
772 988 1
600 2453 2
977 225 1
2009 2358 2
1707 744 2
1727 2379 2
1503 2900 2
3213 1979 2
2592 1366 2
950 2458 1
1555 94 1
3 369 2
1560 2387 2
2547 842 2
3230 81 2
90 782 2
284 1062 1
186 2476 2
943 469 2
459 1817 2
495 1999 1
538 2635 2
135 1464 1
1819 1271 2
124 2995 2
580 3046 2
2331 665 1
1221 3079 2
593 1524 1
1343 2510 2
2129 2436 1
1165 3147 2
121 253 1
3168 1310 2
1989 2133 1
2223 2071 2
1624 1217 2
3074 3109 2
257 2477 2
2631 2768 1
914 303 2
993 1350 1
939 2282 1
567 2410 1
926 2757 2
2399 2152 2
222 426 2
93 2527 2
2021 2960 2
1646 868 2
530 1710 2
786 1407 2
1729 2559 2
772 1243 1
404 847 2
1145 2508 2
2575 1267 1
1742 283 2
3189 443 2
1239 1648 2
129 90 1
2434 2496 1
932 185 1
2241 2855 2
243 2821 1
649 1782 2
619 1122 2
1641 1813 2
2386 2721 2
359 1720 1
2831 3071 1
33 1964 2
1977 3159 1
911 1415 1
2717 690 2
475 1787 2
490 604 2
65 1623 2
1527 2586 1
1952 2055 2
243 1895 1
1031 3173 2
680 206 2
2865 1793 2
896 2948 1
1754 2979 2
2831 2145 2
2006 2971 2
829 2665 1
1560 898 1
679 3135 2
751 3240 1
2251 523 1
322 2080 1
1624 1822 1
2400 2043 1
293 561 1
1540 2353 1
731 1955 2
781 1318 2
366 810 1
359 1854 2
2932 1042 1
2541 891 1
1446 890 1
1685 3121 1
1936 2474 1
1108 1834 1
1638 2817 2
1252 3010 1
2339 2864 1
11 703 1
1833 2238 1
802 1727 1
911 1670 1
1229 2474 2
238 867 1
761 2894 1
1535 2251 1
1242 2672 1
2257 2421 1
1670 1658 2
2871 594 1
735 2841 2
1640 2718 1
2765 3093 2
2345 26 2
433 1227 2
252 3138 2
345 3100 2
1164 1971 2
1277 1848 2
2230 2934 2
1679 3060 1
958 1048 2
1806 2606 1
741 296 1
1363 2302 2
381 3144 1
1018 2038 1
1432 1089 2
671 2159 2
1915 1731 2
2565 830 1
1897 142 2
770 1909 2
56 314 1
6 722 2
2275 1485 1
501 2687 1
45 2407 2
3159 256 2
868 1397 2
173 2821 2
2700 1139 2
3054 2162 2
2049 391 2
2150 2658 1
2795 181 2
1835 1334 2
140 1597 1
1021 1117 1
2705 3176 1
2562 2602 2
2694 2758 1
3131 315 1
412 484 2
2093 848 1
1611 1333 2
2913 2307 2
1894 3082 1
36 1661 2
1297 2863 2
2542 1842 1
258 956 2
516 1480 1
508 838 2
2681 1139 2
2108 2260 2
1845 2035 1
957 1869 1
88 1191 1
2801 3126 2
1213 1300 2
550 3171 1
1708 1508 1
35 2991 2
658 1950 1
188 1772 2
628 2044 1
1361 646 1
519 825 1
206 2351 2
335 2236 1
323 950 2
514 252 1
925 1018 2
128 2660 2
64 3170 1
3161 1604 1
1165 2168 1
1275 2565 2
239 956 2
2309 341 2
2577 2307 1
2613 1735 1
2559 452 1
23 1331 2
2280 3023 2
936 66 1
208 330 2
2097 1855 2
323 1071 1
2778 2482 1
1644 826 2
914 721 1
714 2353 1
1199 1644 2
474 2142 2
718 782 1
890 1303 2
1141 2871 2
1743 1219 1
1097 2535 1
952 1363 2
2528 213 1
2574 2315 2
2605 1628 2
435 3059 2
674 3075 1
2362 2395 2
3186 1610 1
120 1506 1
1663 2394 1
462 977 2
2140 2696 1
2300 470 2
2981 3083 2
1611 3106 1
2790 2963 2
1849 2934 2
825 1150 2
2366 2635 1
379 1329 1
203 2564 2
10 1203 1
2049 3224 2
316 2441 1
2306 1574 2
1652 784 1
2995 335 2
550 1561 2
1520 2062 1
407 2744 2
859 2316 2
1946 2170 2
2213 70 1
955 2549 2
2130 2516 2
437 637 2
1223 1546 2
832 1432 1
732 33 1
140 2107 2
1146 2265 2
540 1260 2
2018 2985 2
1524 1430 1
595 701 2
1632 3178 2
11 2865 1
1179 1661 2
783 1166 1
1959 2526 1
2690 2745 2
1245 968 1
179 1402 2
141 3096 2
177 575 2
3226 998 1
1524 1551 1
3189 1116 1
904 1577 2
3159 2405 2
19 3106 1
815 2259 2
1596 2070 1
261 2639 1
1358 3181 2
990 2785 2
1193 2619 2
1633 676 2
774 2901 1
1192 3148 1
1419 2144 1
794 2321 1
2246 610 2
21 1351 1
1327 2555 2
1800 3004 2
1117 759 2
184 2806 2
1161 3017 2
2100 1953 2
3032 472 1
2507 1819 1
456 2447 2
86 140 1
996 590 2
982 2678 2
409 3045 1
130 1644 1
3244 247 2
443 414 1
3082 185 2
1399 3195 1
3073 365 1
2954 3154 2
2679 963 1
2020 2495 2
2792 3240 1
2649 3228 2
661 2155 1
1115 1342 2
838 2525 1
320 1367 2
1569 1283 2
106 361 1
2356 2831 2
2965 2121 2
1604 1506 2
2303 2675 1
558 606 1
2533 1151 1
1370 292 2
2476 2603 2
992 2295 1
2323 2775 1
191 2017 2
1945 3088 2
3046 2611 1
1612 2390 1
3059 2550 2
2281 270 2
2081 919 2
1487 409 2
656 23 1
236 1615 2
2152 3014 2
636 2754 2
76 1370 2
2471 2501 1
876 1194 1
1829 3034 2
2011 301 1
2329 3091 2
2106 3019 1
2006 866 1
1820 181 1
1577 2180 1
1466 363 2
1552 2352 1
1273 951 1
2035 1274 1
8 2259 2
790 1248 2
1105 2306 1
2497 2796 1
2937 3068 1
296 2433 2
325 3134 2
2507 2437 2
690 3003 1
1318 320 1
3 2036 2
1131 1662 1
1334 35 1
1600 2406 1
676 2021 1
3052 695 1
1465 2181 2
209 1094 2
2721 2810 1
3053 102 2
2867 3093 2
902 2778 1
1915 2646 1
314 1790 2
381 568 2
2409 3154 1
650 2907 2
2661 3146 1
777 2719 1
2841 1801 2
2310 1347 2
145 2627 2
1172 1676 1
1977 154 1
536 1731 1
2217 2058 1
1316 2071 2
3031 3214 2
316 415 2
622 1919 1
176 2327 1
2492 2936 1
3044 1692 2
551 1221 1
3000 2854 2
321 1927 1
118 1110 1
875 1052 1
1390 2141 2
2913 3114 1
1340 2320 2
206 3145 2
1591 1902 1
254 1873 2
326 995 1
1071 1866 2
952 1915 1
1179 2897 2
3137 2041 2
1881 2903 1
1657 1209 1
925 765 2
1158 744 2
81 2066 2
2769 1995 2
359 475 2
524 2757 2
1704 2839 2
651 1815 1
936 2738 2
2957 1184 1
2339 88 2
1945 686 2
2884 1608 2
3234 2889 1
1852 2858 1
1435 1752 1
1406 822 2
2801 3007 1
1424 1630 2
2721 274 1
854 1477 1
2731 669 1
1748 2629 2
2317 2786 2
257 1608 1
1776 1156 2
2631 1670 2
968 1885 1
2451 1968 1
407 1323 2
1007 1813 2
269 1847 2
2650 3080 2
475 1723 1
2582 2653 1
2520 2741 1
603 188 1
761 1528 2
465 483 1
2903 264 1
1184 1365 2
719 1531 1
621 730 1
2273 1265 2
2404 2502 2
561 1359 1
819 1654 1
250 679 2
1334 3002 1
126 909 2
2144 2053 1
421 1729 1
104 1793 2
613 1899 2
2970 560 2
253 3084 1
943 2070 2
495 1385 2
2160 462 2
646 800 2
690 843 2
2610 2913 1
84 3248 1
3071 90 2
2355 2623 1
1744 2469 2
2327 346 1
1172 1260 2
2213 998 1
697 967 2
653 2358 1
419 2191 2
614 2137 2
740 1724 1
3166 2205 2
2770 2205 2
2427 3034 2
288 1334 2
730 2433 2
2036 2883 2
1272 501 2
1588 249 1
2123 1576 2
1947 1350 2
1083 3231 2
412 2272 1
517 2325 1
321 464 1
711 1373 2
489 2263 1
2729 2288 1
915 2600 2
2078 786 2
677 2728 2
339 2440 1
1839 1938 2
503 2282 1
480 2793 2
1932 3068 2
610 1627 1
2222 2349 1
1126 2675 1
207 2634 1
104 1001 2
3199 1806 1
105 2394 1
1280 2324 2
571 1864 2
1856 3194 2
2900 2412 1
1360 1795 1
49 247 2
95 888 2
614 1453 1
337 2636 1
404 1643 2
44 1071 1
2012 2660 1
245 832 2
1745 2545 2
2123 1939 2
927 2852 2
1741 1379 2
863 3096 2
2285 3169 1
2524 3185 2
2068 2942 1
793 2219 1
2911 1352 2
1457 1741 2
899 925 1
498 352 2
440 1808 1
2713 1781 2
1663 3243 1
1131 3153 2
3112 480 2
260 1059 1
434 946 2
3202 2588 2
2188 3249 1
2642 1204 2
1360 3097 2
1936 2210 2
2048 2451 1
810 2401 2
2071 1617 2
2962 1825 2
2408 219 1
2216 1217 1
1204 985 2
1006 2461 1
865 1290 2
1340 1583 2
2041 1630 1
1026 1652 2
1857 1809 1
1896 2969 1
2501 2783 1
297 2940 2
1396 2094 1
154 2891 1
1709 2325 1
2693 1263 2
2787 144 1
2303 1751 1
2626 2670 1
582 76 2
1454 2220 2
172 2127 2
1115 539 2
1844 2634 1
120 624 1
865 1532 1
529 1088 2
776 1194 2
1361 1884 2
83 2664 1
38 972 1
3092 985 2
521 1614 2
2107 2347 1
1928 884 2
52 1284 2
1010 3239 1
762 3137 1
1732 2406 2
1579 1181 2
3218 1511 1
2185 2388 2
886 2651 2
2608 764 1
1157 2885 1
1072 2252 1
2182 1595 1
2794 402 2
2394 2683 2
49 3093 2
2485 3030 1
790 2539 2
1158 2706 1
1416 3230 2
759 745 1
786 2834 2
1168 1667 2
2360 3035 2
410 2025 1
1733 1890 2
1452 2365 1
419 2259 2
321 1687 1
2525 69 2
1842 2062 2
1104 901 1
1014 2139 2
2433 2466 2
1712 1952 1
1171 3025 1
1448 1613 2
1668 1845 1
1360 1729 2
2429 1943 2
419 2380 2
3234 650 1
1439 2961 2
1025 1106 2
1350 1428 1
1922 836 2
2865 1234 2
1617 2186 2
6 2591 2
941 2842 1
593 1570 2
1735 3080 2
362 654 1
3008 2158 1
40 374 1
3049 1930 2
1495 1378 1
2269 2758 2
2525 203 2
3194 1530 2
1578 2315 2
223 431 2
1372 3149 2
226 3102 2
608 3167 1
19 1311 1
13 1008 1
963 362 2
2977 2296 1
2096 2547 1
1053 2736 2
1694 2274 2
725 2641 1
1652 291 2
418 1178 2
1526 1872 1
15 1956 1
61 1843 1
1762 1102 1
327 2753 1
2593 3245 2
339 2053 2
304 2769 1
1410 2865 1
804 2826 1
2884 2899 1
1215 2397 2
3063 915 2
2596 2432 2
2914 3007 1
1167 1831 1
747 1245 2
3130 1090 1
230 726 1
498 1938 2
940 2054 2
1845 2160 2
2392 2558 2
669 2988 2
571 2416 2
638 1194 1
1336 1990 1
1044 3050 1
526 1892 2
3149 2887 2
229 2837 2
1342 1926 2
3114 1617 2
1500 3037 1
390 1479 1
130 91 1
584 2247 2
183 1674 2
1000 1667 2
681 1133 2
796 1608 1
1016 3109 1
2857 1439 1
276 1084 2
2864 166 2
1633 2748 2
2612 2803 2
454 3076 1
916 3107 1
849 1885 1
503 982 2
2292 2340 2
602 3176 2
341 2088 1
640 2421 2
1728 2877 1
2738 3036 2
83 517 1
1905 66 2
652 2889 2
277 3012 1
1825 1763 2
1713 1293 1
1539 1140 1
73 2458 2
528 1281 2
2467 183 1
471 518 1
455 510 2
2521 2634 2
256 2781 2
2061 434 2
1766 2243 2
260 2671 1
466 524 2
2080 1881 2
1302 2782 2
2434 2113 2
1434 2938 2
1778 2711 2
3170 986 2
1387 2826 2
2158 2703 2
2423 5 1
368 3143 1
1278 1607 1
705 1745 1
192 3146 1
2198 3041 2
1131 2082 1
1513 2184 1
16 2166 1
2296 1361 1
1055 3026 1
2113 2179 1
1340 1438 1
414 2212 1
940 1733 1
350 2456 2
654 1635 1
463 118 2
1059 2852 1
1984 1890 2
1171 2275 2
658 2693 1
1203 2493 2
835 2097 2
2987 2275 2
95 2058 2
2913 1306 2
12 2289 2
736 1337 1
333 2344 2
2456 3053 1
242 536 2
233 945 2
1048 2326 1
1165 2911 1
2717 1367 1
45 1419 1
1294 1564 1
765 1974 2
2026 961 1
85 1232 1
1891 2722 1
1824 1500 1
1569 2442 2
209 2695 1
1114 815 2
1835 346 1
410 470 2
2724 2696 1
26 1527 2
81 3183 1
762 1824 2
889 1636 1
3009 613 1
2174 2966 1
914 2632 1
2741 1064 2
1736 2969 1
440 2978 1
1519 2971 2
1101 2229 1
873 1813 1
3065 3110 2
1579 1975 2
2931 1080 2
670 2127 2
3239 1196 2
150 2357 1
1602 646 2
2004 2612 1
1510 3043 2
1582 2394 1
3225 2466 2
2707 554 2
661 2051 1
2082 1219 1
2648 1896 1
2032 644 1
2406 2777 1
1735 2343 1
1246 2152 1
2295 465 1
1820 2158 2
1243 3049 2
558 2946 2
1102 1649 2
1609 1157 1
952 2119 1
718 2935 1
1313 2061 2
502 836 1
17 1841 2
447 900 1
3012 2479 1
1833 3036 2
3039 3070 2
1695 1345 1
3085 3186 1
1574 3041 1
3162 1191 2
393 2771 2
811 1298 2
479 2545 1
821 1491 2
325 2078 1
915 1126 2
194 575 1
908 1904 2
1933 1109 1
2542 170 1
582 2414 2
620 683 1
76 2542 2
435 903 1
295 2320 2
1611 1997 1
3087 909 2
497 2949 1
1347 3119 1
767 329 2
2804 1752 2
1386 2818 2
2010 696 1
1265 2528 2
962 2756 2
769 375 1
29 2322 2
2374 1875 1
3126 2971 2
18 3072 1
197 859 2
3103 745 1
3045 1972 1
622 742 1
976 1728 2
363 747 1
1144 1083 1
1023 2483 1
1668 1726 1
1785 325 1
1812 3168 1
2101 3042 1
24 2449 2
898 3013 1
2104 2293 2
2352 180 1
1002 3070 2
823 624 1
3116 1973 1
2383 2876 2
1235 2783 2
6 1533 2
3171 862 1
1763 2121 2
2752 2864 2
1988 2239 2
3104 579 1
1505 2765 2
2052 948 1
2927 128 1
2076 2473 1
2026 666 2
1852 2728 2
2356 2527 2
305 2337 1
3072 1650 1
616 2229 2
1092 2158 2
1642 2073 1
1883 2135 2
2513 87 1
446 2168 2
2024 862 1
2989 2002 2
2822 842 1
2032 2672 1
1825 3133 1
3223 2583 1
809 3159 2
2153 2669 2
692 2345 2
2882 75 1
1774 1855 2
1866 2087 1
1692 2725 1
2172 2130 1
656 3102 2
2127 2653 2
573 1118 1
227 2696 2
1846 2374 2
664 1465 2
1319 2857 1
2360 2595 2
1419 351 1
2781 2359 1
3121 2693 2
820 3146 2
2465 3062 2
101 3230 2
729 547 2
1379 2615 2
2556 3180 1
200 957 2
2588 917 2
2856 2129 2
299 670 1
1966 870 2
1995 1571 1
1535 1815 1
3183 1248 1
311 2895 1
1563 2328 1
1262 3154 1
245 2541 1
2043 1504 2
2592 2729 1
1993 2141 1
2819 1725 2
2760 2313 1
753 2459 1
772 2472 1
2040 3155 2
2029 2737 1
2474 2858 1
727 2177 2
2384 2147 2
562 2598 2
2447 2203 1
3037 3237 1
124 157 1
1956 165 2
1367 2739 1
641 1615 2
1335 2706 2
1243 902 2
245 2554 1
102 2734 1
649 917 2
836 2470 2
955 206 1
1691 2755 2
1725 2339 2
1498 3114 2
2150 1054 1
577 2246 1
3230 1915 1
785 3178 2
315 748 2
84 2313 1
399 1156 1
848 1019 1
175 1448 1
488 2662 1
1423 2122 2
3080 1863 1
351 1381 1
855 1143 2
1825 1644 1
14 1207 2
1299 1305 2
2670 3133 1
2178 190 1
1768 63 1
75 170 1
627 912 1
2693 1804 2
95 1805 2
2409 2045 2
911 1839 1
708 2971 2
1203 1193 1
205 630 2
1936 549 2
1991 256 2
435 3078 2
1892 1711 2
1494 2833 2
1712 23 1
3214 2105 2
1106 2199 1
330 2732 2
32 3038 1
1367 2994 2
1453 2014 2
544 217 2
2170 2823 2
3166 344 1
578 1750 2
402 1036 1
70 297 2
634 2325 2
185 1038 2
3153 1573 2
696 759 1
1864 538 1
626 1683 2
1739 2721 1
1844 2020 2
1064 3077 2
2404 896 2
70 418 2
890 1914 1
28 192 1
833 1114 2
1416 1206 1
1228 2138 2
2565 1938 1
545 2633 2
1546 2484 2
2899 3211 1
2154 2074 1
1789 1387 2
1123 1563 1
600 1293 1
1649 3070 1
2411 2639 2
964 2967 2
2141 563 1
1471 2017 1
1791 3190 1
2121 3065 2
2078 214 2
2551 663 2
1460 1333 1
1422 2798 2
859 1638 1
816 773 2
2032 512 1
1243 1749 1
3120 1759 1
283 2875 2
1699 1736 2
1499 2614 2
287 1304 1
350 835 2
535 2049 2
869 1171 2
1345 3086 2
1457 2095 2
481 1291 2
2840 2765 2
23 1379 1
1334 2927 2
1444 2570 1
2087 1444 2
1039 2750 1
1273 702 2
486 2803 1
739 768 2
2869 2419 1
474 3237 1
1313 2989 1
2944 1775 2
636 2518 1
1238 2586 2
577 1120 1
513 1135 2
2622 2663 2
817 1775 2
96 29 1
1701 1795 2
1529 291 2
1618 1760 1
2547 274 1
484 1602 1
1204 2157 1
2262 1044 2
1504 1631 1
2364 2489 1
616 2889 2
1655 1046 1
1006 600 1
1630 3204 2
503 1965 1
804 910 2
2832 3008 2
2451 1101 2
1906 2469 2
1510 2240 1
3153 326 1
2208 3036 2
2729 2213 2
2001 2743 1
884 2946 1
2754 994 2
2821 2970 1
305 795 2
3015 3021 1
234 2312 1
631 1719 1
703 841 2
1026 2248 2
2700 879 2
1690 3231 1
3180 55 1
816 223 1
1196 1676 2
3159 3150 1
743 3128 2
538 2201 2
2721 938 1
2982 1504 1
1968 1869 1
2211 1361 1
1901 2633 1
164 913 2
945 1249 2
1936 604 1
2123 2682 1
905 1850 2
1586 2477 2
15 295 1
1250 2528 2
1085 2949 1
603 2717 1
1780 1296 2
995 2009 2
482 2161 1
2909 63 1
2499 1885 2
1590 2303 1
2376 2983 1
194 2108 2
2066 2003 2
787 3147 2
2146 1474 1
957 1609 2
600 59 1
2877 2632 2
1661 2075 1
553 886 1
138 644 1
986 2202 2
2880 3051 1
2405 2529 2
445 535 2
1651 606 1
1443 1623 2
818 1800 2
2986 1757 1
2619 2458 2
2905 600 1
10 2566 2
1713 2652 2
1625 2539 1
1229 1785 2
252 113 2
680 1048 2
2393 1364 2
1227 2385 2
1383 2373 2
872 2157 2
2314 24 1
1474 2491 2
495 1941 1
57 1944 1
19 1423 2
349 1069 2
459 712 2
104 2470 1
1888 266 2
1738 2722 1
57 2883 2
865 1336 2
1703 2435 1
1390 2389 1
132 438 2
3048 2998 1
1116 1628 2
2124 2384 1
895 1629 1
1912 515 1
2185 2071 2
687 956 2
418 14 1
1586 759 2
1348 2099 1
632 1929 2
919 1693 2
788 2176 1
1321 690 2
1512 1978 2
182 2137 2
443 3161 1
338 2879 1
2218 2140 1
1194 2571 2
2794 3239 1
2099 462 1
1508 1455 1
1413 2615 2
988 1419 1
2937 780 2
151 3174 2
2061 1109 1
465 2812 1
2865 2072 2
1182 1406 2
1175 2450 1
476 2183 1
3025 3229 2
513 2479 2
592 2772 1
746 2421 2
2601 2672 2
3146 257 2
763 2361 2
1305 2415 2
382 683 2
994 1476 2
1548 830 1
2725 1395 1
3196 3232 1
1546 3 1
2145 820 1
2069 1993 1
3127 3132 2
2872 2088 1
1153 1240 1
131 320 1
2304 2799 2
877 1830 2
555 1550 1
1681 2527 1
736 1073 1
1417 2454 1
376 501 1
617 1381 1
1009 2888 2
233 452 2
308 1794 2
779 2840 1
3131 3143 2
858 1672 1
1553 19 1
2069 838 1
1043 2657 2
1006 2775 2
2456 2681 1
3020 3248 1
1115 3176 2
365 2678 2
101 1851 2
1659 3047 2
1077 1379 2
104 2270 1
2198 3032 1
986 1197 1
764 101 1
1788 3053 2
1116 1428 2
992 2853 2
928 1377 1
453 818 2
19 68 1
1405 2204 1
37 2108 2
610 1741 2
3223 2277 1
1685 2258 2
2485 3102 1
74 3158 1
757 2434 1
542 2509 1
2649 3210 2
2561 3097 2
2955 247 2
2425 1250 2
2996 2005 2
937 271 1
751 1572 1
1838 1655 1
1410 2440 1
1671 2481 2
2920 2397 1
3217 634 1
266 3220 1
596 3095 2
708 1350 1
948 1039 2
1681 1856 2
437 69 1
2388 257 1
2675 1253 1
2098 2410 2
2575 2069 1
658 2697 1
16 1244 2
1205 3095 2
241 1591 1
2565 2290 2
69 841 2
2947 894 1
894 2910 1
2625 2829 1
2283 96 2
1346 1206 2
2478 308 2
470 1306 1
270 2938 2
2050 504 1
2745 3052 2
517 2815 1
1706 2680 1
133 1886 1
2927 2534 2
2935 897 1
3169 81 1
2649 311 2
469 1054 2
161 2887 1
1064 2395 1
785 2980 2
2669 3178 2
162 1540 2
521 2641 2
2454 3189 2
1977 3035 2
273 711 2
24 3124 2
538 901 2
1800 1510 1
2870 3181 1
1634 3204 2
1879 756 1
2309 1801 1
1796 987 2
2448 684 2
1945 2278 2
1365 1703 2
1397 1655 2
2849 2196 2
977 3055 1
182 2555 2
1 2251 1
377 781 2
2994 564 1
55 501 2
1679 1755 1
61 3204 1
1957 1470 2
725 2955 1
1361 133 1
1237 2578 1
824 194 2
2348 574 2
2907 272 1
1800 2920 1
52 2566 2
891 3109 2
2708 2277 1
2890 2025 1
35 2370 1
1642 2519 2
446 1675 1
563 2260 2
1060 1080 1
1058 2468 2
1834 474 1
457 2507 1
2528 1565 1
2237 2813 1
1504 1767 1
974 784 2
1282 900 1
246 1506 2
2016 3110 1
480 2612 1
1156 1434 2
2809 1928 1
2905 1407 2
2249 2005 2
356 2024 1
996 2384 2
2391 368 2
837 1573 2
479 1865 2
3163 3099 2
926 339 2
2089 1989 1
346 2504 1
2302 67 2
1870 2359 1
2324 2529 1
3124 404 2
252 2317 1
347 3143 1
2862 1158 2
2296 252 2
289 923 1
1092 2967 1
3048 530 1
2753 3093 2
2624 239 2
983 3182 1
1048 1096 1
595 2282 1
1598 745 1
756 924 2
1053 2608 1
1214 755 2
1969 2085 2
626 1982 1
2166 155 2
2905 2938 2
1348 691 2
924 2844 2
313 2461 2
1424 2672 2
3094 2581 2
1581 1801 2
836 2098 1
3183 2286 1
1237 981 2
497 188 1
402 1348 2
877 2395 1
1350 2844 2
398 2626 1
348 2051 2
2051 2137 2
1607 928 2
2228 1275 1
1250 2088 2
340 1372 2
107 2598 1
137 1723 1
2403 2969 1
1621 984 1
898 2804 2
168 255 2
1553 1752 1
376 1187 1
1717 1860 1
597 2583 2
3237 2993 2
1513 1801 2
2037 2969 1
540 1002 1
1262 1401 2
2812 1016 1
825 905 1
1103 2576 1
1003 1177 2
834 2122 1
727 1242 2
1295 302 2
1878 2572 1
42 3125 1
2626 745 2
747 2648 2
2750 3026 2
177 2532 1
1278 69 2
1424 2338 2
285 1836 2
1152 1650 1
992 1661 2
2981 2141 2
1057 595 1
1527 544 1
2003 2459 2
1294 1999 2
2925 1980 2
368 787 1
2331 2261 1
667 1083 1
885 2474 1
2428 3096 2
1206 3054 1
220 1037 1
1319 2177 2
632 1247 1
1795 1877 1
1045 1416 2
1951 2390 2
2336 2726 1
3231 2144 1
1319 1130 1
477 3066 2
573 788 2
3179 907 1
3179 2893 2
2587 2981 2
639 95 1
991 254 1
387 1271 2
1590 842 2
2911 863 1
2418 176 2
228 231 2
2124 1944 2
897 1787 1
21 2382 1
630 2197 1
2820 1913 1
1524 1656 2
130 339 2
1133 1771 1
2174 2704 2
493 916 1
1866 2588 2
3036 2211 1
1308 311 1
927 2834 2
2644 2855 2
1742 2000 2
1599 2180 1
351 2903 2
487 1515 2
1526 2604 2
3195 928 1
1230 1559 1
1159 3076 2
2936 933 1
1064 1792 2
1621 663 1
1585 2955 1
936 2775 1
129 760 1
541 704 1
210 1099 2
282 938 2
2758 1011 2
39 1217 2
497 2095 2
1456 2666 1
44 248 1
1329 2598 1
2275 2476 2
427 1743 1
2328 1319 1
1278 566 2
1209 2910 2
1209 695 1
1697 1947 1
850 2748 1
2617 2361 1
2863 1599 1
2328 2487 2
3012 1170 1
310 2740 2
907 2730 1
1783 1906 2
1583 1323 2
132 1421 2
598 2914 1
629 2227 1
842 1059 1
673 2270 1
1449 1737 2
69 3058 2
3150 996 1
318 1813 1
1751 2304 1
552 1751 2
1200 2201 2
1821 2777 1
2827 1245 2
2307 1209 1
1565 1804 1
2377 1719 1
1900 333 2
1693 2218 1
616 1362 1
2625 2952 2
699 2794 1
1583 1794 2
413 1942 1
1316 1450 1
743 1817 1
750 2759 1
1206 1578 2
557 1398 1
2814 2595 2
455 3107 1
3204 306 2
2870 3170 2
2738 1553 1
406 2168 1
499 2359 1
2538 445 1
361 2654 1
820 3205 2
237 898 2
2124 2791 1
207 1958 1
2872 735 1
229 1488 2
1307 1751 1
33 3239 2
545 906 2
343 1186 1
1782 704 2
381 2646 2
2511 3065 1
2645 3065 1
262 3183 2
140 2025 2
816 2308 2
2249 2570 1
239 3236 1
815 3103 2
2640 1903 1
735 370 1
1441 2747 2
1737 1577 2
1622 607 1
2573 1849 1
257 2731 2
697 1017 1
3037 2249 1
1147 1482 1
176 3008 2
391 2667 2
3044 2373 1
1361 1182 1
771 1905 1
101 619 2
2250 2512 2
1338 3184 2
2327 2732 2
887 1033 1
1845 2463 1
2065 2466 1
697 1138 2
953 2821 2
2472 2561 1
2114 2624 1
162 2965 1
2267 2573 1
2714 3033 1
1752 2356 1
2915 3023 1
1151 2661 1
2229 1234 2
357 1110 1
2626 2102 1
2240 346 2
1318 2545 1
2378 310 1
2481 1226 2
2281 2858 2
1868 474 2
1414 792 1
1018 2024 2
500 3081 1
2338 2345 1
1295 2009 1
1054 1654 2
3167 2843 1
21 235 2
778 2429 2
1557 1901 1
1433 2360 1
1914 2404 1
772 813 1
209 2622 2
1962 2071 2
2800 3170 1
2151 2761 1
2062 437 2
951 1394 2
50 1932 1
1316 1263 2
2384 2824 1
2912 994 1
350 2867 1
565 2792 1
2583 1492 1
2185 665 2
2711 2172 2
3160 1998 1
1329 2666 1
2115 2555 1
1937 1502 1
1193 2216 2
172 1935 2
1904 507 1
3110 2527 2
1558 1856 2
295 2005 1
1594 2267 2
2652 2881 1
2654 1493 1
1632 573 2
2495 2668 2
3124 661 2
1661 2442 2
673 2567 2
564 1348 2
1049 2100 1
1470 1864 1
1469 2393 2
242 2236 2
2158 3140 2
677 2578 1
966 2452 1
2096 2905 2
1103 2457 2
241 2950 1
900 371 2
7 2783 2
1271 2270 1
1777 2630 2
3 1846 1
2229 1973 1
1538 1567 2
2314 1559 1
2087 348 1
856 2930 2
266 1438 1
1136 2984 1
2172 2378 1
2299 1170 1
1498 3107 2
350 3243 1
2196 1688 2
133 1030 2
3239 681 2
3249 1140 2
2953 95 2
1495 1991 1
142 2432 2
2695 2954 1
178 628 1
2442 1047 2
1987 2867 1
122 504 2
2532 977 1
131 1721 2
1592 1816 2
910 1193 2
1810 2941 1
548 2009 2
1399 2818 2
1473 2767 1
2065 427 1
1699 2292 2
2898 2616 1
1751 1930 1
2883 3247 2
2749 49 1
1766 252 2
792 2261 1
265 2744 2
1249 1948 1
1176 2372 2
1136 1253 1
2788 650 2
126 1390 1
2199 255 1
922 1445 2
1622 2314 2
1140 3065 1
2807 1279 2
2103 2129 1
1447 2727 1
120 3157 2
2940 1808 2
460 2030 1
938 342 1
1263 1859 2
297 1743 1
901 2675 1
16 1235 1
491 2282 2
244 1587 1
1470 1785 2
1989 2121 2
516 2460 1
2263 2589 2
3062 993 2
1777 1154 1
1840 2900 2
3132 1991 1
1580 88 2
907 2732 1
461 2911 2
2407 2755 1
984 2686 2
731 291 2
2112 2312 1
1680 440 2
276 650 2
2454 1783 2
1173 2329 1
266 1359 2
369 60 2
1737 156 1
1976 2653 2
1934 441 1
821 1123 1
2560 3118 1
755 769 2
2699 15 1
348 2108 2
4 2298 2
1041 345 1
2378 862 1
2823 724 2
550 1239 2
1324 2848 2
2224 2610 2
2212 570 1
3120 3162 1
319 360 2
401 658 1
2715 2884 1
1497 66 1
2415 2592 1
758 3110 1
684 2178 1
740 1521 1
2283 1389 1
2350 3136 2
782 2686 1
3244 2824 1
238 1539 2
329 3118 2
2211 3206 2
908 2007 1
859 3054 1
1457 2451 1
2245 3204 2
2312 2965 1
2262 3144 2
2198 1668 1
2881 678 2
1989 511 2
1139 75 1
178 562 2
1532 1992 1
3027 1900 2
1575 1167 2
2390 2777 1
43 145 2
1548 1707 2
542 2192 1
38 969 2
2445 1400 2
3085 2026 1
805 2831 2
61 1330 1
1914 2969 2
1325 2803 1
740 1884 2
940 23 1
681 257 2
2357 2226 2
2807 3186 2
1408 1525 2
1630 177 1
121 3074 1
303 1802 1
1839 1977 2
251 2366 2
1887 2462 2
879 1440 2
1288 1608 2
1276 322 1
2626 3030 2
2450 2804 2
590 785 1
1732 2524 1
195 3144 2
2213 353 2
301 2079 2
2572 2915 2
1402 1077 2
526 2426 1
256 2602 1
3000 1672 2
2979 566 1
3027 2263 2
1618 2129 2
609 3134 1
2035 2683 1
2661 3145 1
952 2719 1
382 1105 1
2634 2453 1
667 1274 1
1759 1472 2
2965 752 1
2003 1832 1
151 1623 2
691 813 1
2473 1983 2
1344 2132 1
2686 1044 2
1206 212 2
1791 3117 1
1472 2317 2
2134 1470 1
1456 1555 1
289 2203 1
529 2858 1
1783 2889 1
995 2136 2
145 1700 2
420 1639 1
979 1337 2
1192 2384 1
2407 2689 1
1151 3026 2
31 1534 2
2109 2766 2
1916 2600 1
2076 603 1
197 2506 2
987 1090 2
2970 1001 1
750 588 2
2770 418 2
2403 3068 2
3204 350 2
780 2453 2
520 1065 1
2464 82 1
402 2507 2
1832 3252 1
1610 170 2
775 1291 1
2420 1207 1
2676 3119 2
2215 2495 2
1428 1856 2
3018 604 1
48 3177 2
2379 617 2
990 2384 1
1551 1926 1
355 3105 1
2850 1959 2
2617 674 1
2856 956 1
712 1127 2
1935 2074 2
210 1411 2
2932 2119 2
2311 1543 2
1648 3148 2
1082 293 2
177 187 1
2095 1918 1
424 2767 1
307 1199 2
1494 2452 1
40 855 2
1053 2975 1
752 1586 1
2863 2958 2
538 1068 2
2544 3178 2
1856 589 1
1928 694 1
1487 2449 1
2917 1208 1
2431 2483 1
688 3227 1
2321 1857 2
2861 1313 1
3236 1190 2
1887 1107 2
1687 2739 1
262 2072 1
1664 769 2
647 2179 2
2799 1603 1
1708 2798 1
940 186 1
400 501 1
2533 2386 1
100 2949 1
117 149 2
722 1949 1
2224 2799 1
2313 1336 1
523 2005 1
375 1841 2
657 2759 2
2002 3100 1
864 1480 2
536 1651 1
2012 2512 2
467 1551 1
2523 1267 2
1394 1416 1
372 2482 1
2799 1845 2
772 2830 2
579 974 2
620 2961 1
1100 2366 1
1967 1988 1
2904 1080 1
46 1908 1
1985 2796 2
1135 374 2
1381 1598 1
2573 980 2
892 2373 2
1640 546 2
2281 2794 1
1463 361 1
763 1441 1
783 2551 2
862 2844 1
1175 1880 1
1063 2605 2
2059 2866 1
1363 2116 2
1225 2640 2
1390 1953 1
258 2622 1
2842 242 1
309 1621 1
1066 1600 1
992 631 2
1843 2689 1
1506 852 2
2238 2464 2
381 2140 1
2544 2507 1
524 462 2
1594 901 1
2268 2572 1
630 1154 2
2254 193 1
225 1105 2
653 1552 2
957 2946 1
2512 1885 1
1280 1384 2
55 1862 2
2132 203 2
1911 204 1
3098 1982 1
1017 1684 2
2980 943 1
934 1915 2
1118 2261 1
1978 3119 2
1486 2428 2
959 2911 2
3185 3038 2
2164 2757 1
53 3105 1
2585 2521 1
331 346 2
737 1751 2
2891 1810 1
584 2741 1
427 3023 2
324 1353 2
1602 2724 1
3039 476 2
2028 2832 1
550 3093 2
437 183 2
74 131 1
1942 2011 1
249 886 2
514 2389 2
2043 2588 2
756 2151 1
1461 3135 2
162 1412 2
2932 1703 2
196 2228 2
1075 3099 1
397 1989 1
302 1163 2
1602 1798 2
554 3104 2
798 1515 1
1628 2201 2
1528 2788 1
2818 490 2
1068 2278 2
2009 2832 1
1294 1803 1
716 1826 2
2660 843 1
292 1535 1
1682 1390 2
689 2403 2
1487 168 1
1382 640 1
270 958 1
354 1595 2
80 309 2
1914 1898 2
159 1356 2
3106 3000 1
2693 1370 1
1330 1352 2
313 776 2
416 1426 2
3136 893 1
1456 2925 1
1481 474 1
778 3212 1
193 78 2
217 435 1
2832 1835 1
1588 2034 2
932 2632 1
163 320 2
22 1135 2
715 1062 1
181 1128 2
680 2532 2
90 1269 1
1576 3084 2
343 2358 1
1876 572 1
2103 2978 1
859 962 1
3014 2377 1
383 444 1
